Rk,Player,Pos,Age,Tm,G,MP,FG,FGA,FG%,3P,3PA,3P%,2P,2PA,2P%,eFG%,FT,FT%,TRB,AST,STL,BLK,TOV,PF,PTS
12,Kadeem Allen,PG,26,NYK,19,21.9,3.4,7.4,.461,0.9,1.9,.472,2.5,5.5,.457,.521,2.2,.778,2.7,4.0,0.8,0.2,1.4,2.4,9.9
350,Patty Mills,PG,30,SAS,82,23.3,3.4,8.1,.425,1.9,4.9,.394,1.5,3.2,.475,.545,1.1,.854,2.2,3.0,0.6,0.1,1.1,1.6,9.9
63,Avery Bradley,SG,28,TOT,63,30.2,3.9,9.7,.408,1.4,3.9,.351,2.6,5.8,.446,.479,0.7,.860,2.8,2.4,0.7,0.3,1.4,2.7,9.9
23,Trevor Ariza,SF,33,PHO,26,34.0,3.3,8.7,.379,1.9,5.3,.360,1.4,3.4,.409,.489,1.4,.837,5.6,3.3,1.5,0.3,1.5,1.7,9.9
507,Derrick White,PG,24,SAS,67,25.8,3.9,8.1,.479,0.7,2.1,.338,3.2,6.0,.529,.523,1.4,.772,3.7,3.9,1.0,0.7,1.4,2.2,9.9
30,Lonzo Ball,PG,21,LAL,47,30.3,3.9,9.7,.406,1.6,4.9,.329,2.3,4.9,.482,.488,0.4,.417,5.3,5.4,1.5,0.4,2.2,2.4,9.9
143,Tyler Dorsey,SG,22,MEM,21,21.3,3.6,8.3,.429,1.6,4.4,.366,2.0,3.9,.500,.526,1.0,.629,3.3,1.9,0.3,0.0,0.8,1.6,9.8
201,JaMychal Green,PF,28,MEM,41,22.0,3.7,7.6,.484,0.9,2.3,.396,2.8,5.3,.523,.545,1.5,.788,6.1,0.9,0.8,0.6,1.6,3.0,9.8
280,Luke Kennard,SG,22,DET,63,22.8,3.6,8.3,.438,1.7,4.3,.394,1.9,4.0,.486,.540,0.8,.836,2.9,1.8,0.4,0.2,0.9,1.5,9.7
240,Kevin Huerter,SG,20,ATL,75,27.3,3.7,8.8,.419,1.8,4.7,.385,1.9,4.1,.457,.522,0.5,.732,3.3,2.9,0.9,0.3,1.5,2.1,9.7
81,Trey Burke,PG,26,DAL,25,17.4,3.5,7.6,.463,1.0,2.9,.356,2.5,4.7,.530,.532,1.6,.837,1.5,2.6,0.5,0.1,0.8,1.0,9.7
251,Jonathan Isaac,PF,21,ORL,75,26.6,3.5,8.1,.429,1.1,3.5,.323,2.3,4.6,.510,.499,1.5,.815,5.5,1.1,0.8,1.3,1.0,1.9,9.6
306,Jeremy Lin,PG,30,TOT,74,19.4,3.2,7.3,.440,0.7,2.5,.294,2.5,4.8,.517,.491,2.4,.838,2.4,3.1,0.6,0.2,1.7,1.9,9.6
52,Nemanja Bjelica,PF,30,SAC,77,23.2,3.7,7.7,.479,1.3,3.3,.401,2.4,4.4,.539,.566,0.9,.761,5.8,1.9,0.7,0.7,1.1,2.6,9.6
236,Rodney Hood,SG,26,POR,27,24.4,3.6,8.0,.452,1.1,3.1,.345,2.6,4.9,.519,.518,1.2,.805,1.7,1.3,0.8,0.3,0.7,1.7,9.6
117,Allen Crabbe,SG,26,BRK,43,26.3,3.2,8.7,.367,2.3,6.0,.378,0.9,2.7,.342,.499,1.0,.732,3.4,1.1,0.5,0.3,1.1,2.4,9.6
311,Robin Lopez,C,30,CHI,74,21.7,4.1,7.2,.568,0.1,0.4,.226,4.0,6.8,.589,.575,1.2,.724,3.9,1.2,0.1,1.1,1.3,1.7,9.5
232,Justin Holiday,SG,29,MEM,44,29.1,3.4,8.7,.389,1.5,4.4,.333,1.9,4.3,.447,.474,1.2,.900,3.5,1.4,1.2,0.3,1.3,1.9,9.5
395,Tony Parker,PG,36,CHO,56,17.9,3.8,8.3,.460,0.2,0.9,.255,3.6,7.4,.485,.474,1.6,.734,1.5,3.7,0.4,0.1,1.3,0.9,9.5
362,Markieff Morris,PF,29,TOT,58,21.9,3.5,8.3,.421,1.2,3.5,.335,2.3,4.8,.484,.492,1.2,.772,4.6,1.4,0.6,0.4,0.9,3.0,9.4
372,Larry Nance Jr.,C,26,CLE,67,26.8,3.7,7.1,.520,0.5,1.5,.337,3.2,5.7,.567,.554,1.4,.716,8.2,3.2,1.5,0.6,1.4,2.9,9.4
373,Shabazz Napier,PG,27,BRK,56,17.6,3.0,7.8,.389,1.4,4.1,.333,1.7,3.7,.449,.476,2.1,.833,1.8,2.6,0.7,0.3,1.2,1.2,9.4
469,Garrett Temple,SG,32,MEM,49,31.2,3.4,7.9,.429,1.5,4.3,.352,1.9,3.6,.520,.525,1.2,.750,3.1,1.4,1.0,0.5,1.1,2.7,9.4
530,Ivica Zubac,C,21,LAC,26,20.2,3.8,7.2,.538,0.0,0.0,0,3.8,7.2,.538,.538,1.7,.733,7.7,1.5,0.4,0.9,1.4,2.5,9.4
201,JaMychal Green,PF,28,TOT,65,21.1,3.5,7.3,.483,1.1,2.7,.403,2.4,4.6,.530,.558,1.2,.792,6.3,0.8,0.7,0.5,1.3,3.0,9.4
238,Danuel House Jr.,SF,25,HOU,39,25.1,3.0,6.5,.468,1.9,4.6,.416,1.1,1.9,.595,.615,1.4,.789,3.6,1.0,0.5,0.3,0.9,2.1,9.4
13,Al-Farouq Aminu,PF,28,POR,81,28.3,3.2,7.3,.433,1.2,3.5,.343,2.0,3.9,.514,.514,1.9,.867,7.5,1.3,0.8,0.4,0.9,1.8,9.4
78,Jalen Brunson,PG,22,DAL,73,21.8,3.6,7.7,.467,0.9,2.5,.348,2.8,5.3,.523,.523,1.2,.725,2.3,3.2,0.5,0.1,1.2,1.7,9.3
347,C.J. Miles,SF,31,MEM,13,22.6,3.2,8.1,.400,1.8,5.1,.364,1.4,3.0,.462,.514,1.0,.929,2.1,1.1,0.6,0.4,0.7,1.3,9.3
36,Nicolas Batum,SF,30,CHO,75,31.4,3.4,7.5,.450,1.5,4.0,.389,1.8,3.5,.519,.553,1.0,.865,5.2,3.3,0.9,0.6,1.6,1.9,9.3
80,Reggie Bullock,SG,27,LAL,19,27.6,3.3,8.1,.412,1.8,5.2,.343,1.5,2.8,.537,.523,0.9,.810,2.6,1.1,0.8,0.4,0.6,1.6,9.3
200,Gerald Green,SG,33,HOU,73,20.2,3.2,7.9,.400,2.1,6.0,.354,1.0,1.9,.547,.535,0.8,.838,2.5,0.5,0.5,0.4,0.8,1.7,9.2
429,Rajon Rondo,PG,32,LAL,46,29.8,3.8,9.4,.405,1.1,3.1,.359,2.7,6.3,.428,.464,0.5,.639,5.3,8.0,1.2,0.2,2.8,2.2,9.2
95,Alex Caruso,PG,24,LAL,25,21.2,3.1,6.9,.445,1.0,2.0,.480,2.1,4.9,.431,.514,2.0,.797,2.7,3.1,1.0,0.4,1.7,2.2,9.2
288,Kyle Korver,SG,37,UTA,54,20.1,3.1,7.5,.408,2.1,5.4,.384,1.0,2.1,.469,.547,0.9,.825,2.5,1.2,0.4,0.2,0.8,1.6,9.1
181,Marc Gasol,C,34,TOR,26,24.9,3.3,7.2,.465,0.9,2.0,.442,2.5,5.2,.474,.527,1.5,.769,6.6,3.9,0.9,0.9,1.4,2.7,9.1
445,Landry Shamet,SG,21,TOT,79,22.8,3.0,7.1,.431,2.1,5.0,.422,0.9,2.0,.453,.581,0.9,.806,1.7,1.5,0.5,0.1,0.6,2.0,9.1
432,Terry Rozier,PG,24,BOS,79,22.7,3.3,8.4,.387,1.5,4.3,.353,1.8,4.2,.422,.477,0.9,.785,3.9,2.9,0.9,0.3,0.9,1.3,9.0
455,Ish Smith,PG,30,DET,56,22.3,3.7,8.7,.419,0.8,2.4,.326,2.9,6.3,.455,.464,0.8,.758,2.6,3.6,0.5,0.2,1.1,1.9,8.9
453,Marcus Smart,SG,24,BOS,80,27.5,3.0,7.1,.422,1.6,4.3,.364,1.4,2.8,.511,.533,1.3,.806,2.9,4.0,1.8,0.4,1.5,2.5,8.9
446,Iman Shumpert,SG,28,SAC,42,26.2,3.2,8.3,.382,1.8,4.8,.366,1.4,3.5,.404,.489,0.8,.829,3.1,2.2,1.1,0.5,0.9,2.2,8.9
439,Tomáš Satoranský,PG,27,WAS,80,27.1,3.2,6.6,.485,0.8,2.0,.395,2.4,4.6,.524,.545,1.6,.819,3.5,5.0,1.0,0.2,1.5,2.2,8.9
234,Rondae Hollis-Jefferson,SF,24,BRK,59,20.9,3.4,8.3,.411,0.2,0.8,.184,3.2,7.4,.436,.420,2.0,.645,5.3,1.6,0.7,0.5,1.2,1.8,8.9
530,Ivica Zubac,C,21,TOT,59,17.6,3.6,6.4,.559,0.0,0.0,0,3.6,6.4,.559,.559,1.7,.802,6.1,1.1,0.2,0.9,1.2,2.3,8.9
356,Malik Monk,SG,20,CHO,73,17.2,3.1,8.0,.387,1.5,4.5,.330,1.6,3.5,.461,.480,1.2,.882,1.9,1.6,0.5,0.3,1.2,1.5,8.9
5,Bam Adebayo,C,21,MIA,82,23.3,3.4,5.9,.576,0.0,0.2,.200,3.4,5.7,.588,.579,2.0,.735,7.3,2.2,0.9,0.8,1.5,2.5,8.9
82,Alec Burks,SG,27,TOT,64,21.5,3.0,7.4,.405,1.0,2.6,.363,2.0,4.8,.428,.469,1.8,.823,3.7,2.0,0.6,0.3,1.0,1.4,8.8
223,Mario Hezonja,SF,23,NYK,58,20.8,3.3,8.0,.412,0.7,2.6,.276,2.6,5.4,.478,.457,1.5,.763,4.1,1.5,1.0,0.1,1.5,1.9,8.8
201,JaMychal Green,PF,28,LAC,24,19.6,3.3,6.8,.482,1.4,3.3,.413,1.9,3.5,.548,.582,0.7,.810,6.5,0.6,0.5,0.3,1.0,2.9,8.7
423,Austin Rivers,SG,26,HOU,47,28.6,3.3,8.0,.413,1.5,4.7,.321,1.8,3.3,.541,.507,0.5,.510,1.9,2.3,0.6,0.3,0.7,2.9,8.7
522,Delon Wright,PG,26,TOT,75,22.7,3.2,7.4,.434,0.7,2.2,.298,2.6,5.2,.492,.478,1.6,.793,3.5,3.3,1.2,0.4,1.0,1.4,8.7
411,Norman Powell,SG,25,TOR,60,18.8,3.2,6.7,.483,1.1,2.8,.400,2.1,3.8,.543,.568,1.0,.827,2.3,1.5,0.7,0.2,1.1,1.6,8.6
288,Kyle Korver,SG-PF,37,TOT,70,19.1,2.9,6.9,.416,2.0,5.0,.397,0.9,1.9,.467,.559,0.9,.822,2.3,1.2,0.4,0.2,0.8,1.5,8.6
279,Frank Kaminsky,C,25,CHO,47,16.1,2.9,6.3,.463,1.1,3.0,.360,1.9,3.4,.553,.547,1.7,.738,3.5,1.3,0.3,0.3,0.9,1.4,8.6
290,Rodions Kurucs,SF,20,BRK,63,20.5,3.2,7.1,.450,0.9,2.9,.315,2.3,4.2,.543,.514,1.1,.783,3.9,0.8,0.7,0.4,1.2,2.3,8.5
530,Ivica Zubac,C,21,LAL,33,15.6,3.4,5.8,.580,0.0,0.0,0,3.4,5.8,.580,.580,1.7,.864,4.9,0.8,0.1,0.8,1.0,2.2,8.5
284,Brandon Knight,PG,27,CLE,27,22.9,3.3,7.9,.413,1.3,3.6,.371,1.9,4.3,.448,.498,0.7,.783,1.9,2.3,0.7,0.1,0.9,1.8,8.5
318,Trey Lyles,PF,23,DEN,64,17.5,3.2,7.7,.418,0.8,3.1,.255,2.4,4.6,.529,.470,1.3,.698,3.8,1.4,0.5,0.4,1.1,1.5,8.5
492,Noah Vonleh,PF,23,NYK,68,25.3,3.0,6.5,.470,0.7,2.0,.336,2.4,4.5,.531,.523,1.6,.712,7.8,1.9,0.7,0.8,1.3,2.6,8.4
45,DeAndre' Bembry,SG,24,ATL,82,23.5,3.4,7.5,.446,0.6,2.1,.289,2.7,5.4,.508,.487,1.1,.640,4.4,2.5,1.3,0.5,1.7,2.3,8.4
82,Alec Burks,SG,27,UTA,17,15.8,2.8,6.7,.412,0.9,2.5,.372,1.8,4.2,.437,.482,1.9,.868,1.6,1.2,0.4,0.2,0.9,1.3,8.4
179,Langston Galloway,SG,27,DET,80,21.8,2.9,7.3,.388,1.7,4.8,.355,1.2,2.6,.449,.503,1.0,.844,2.1,1.1,0.5,0.1,0.3,1.7,8.4
154,Wayne Ellington,SG,31,MIA,25,21.3,2.8,7.4,.375,2.3,6.2,.368,0.5,1.2,.414,.530,0.6,.875,1.9,1.2,1.0,0.1,0.6,1.6,8.4
66,Mikal Bridges,SF,22,PHO,82,29.5,3.0,6.9,.430,1.3,3.8,.335,1.7,3.0,.548,.523,1.2,.805,3.2,2.1,1.6,0.5,0.9,2.5,8.3
445,Landry Shamet,SG,21,PHI,54,20.5,2.8,6.4,.441,1.8,4.5,.404,1.0,1.9,.529,.584,0.8,.815,1.4,1.1,0.4,0.1,0.5,2.0,8.3
85,Bruno Caboclo,PF,23,MEM,34,23.5,2.8,6.6,.427,1.4,3.8,.369,1.4,2.8,.505,.533,1.2,.840,4.6,1.5,0.4,1.0,1.1,2.4,8.3
386,Jahlil Okafor,C,23,NOP,59,15.8,3.6,6.1,.586,0.0,0.1,.200,3.6,6.1,.591,.587,1.0,.663,4.7,0.7,0.3,0.7,0.9,1.6,8.2
177,Markelle Fultz,SG,20,PHI,19,22.5,3.4,8.2,.419,0.2,0.7,.286,3.2,7.4,.433,.432,1.1,.568,3.7,3.1,0.9,0.3,1.3,2.7,8.2
325,Boban Marjanović,C,30,PHI,22,13.9,3.4,5.5,.625,0.2,0.4,.500,3.2,5.1,.634,.642,1.2,.722,5.1,1.5,0.2,0.5,1.0,1.5,8.2
235,Richaun Holmes,C,25,PHO,70,16.9,3.2,5.2,.608,0.0,0.0,0,3.2,5.2,.608,.608,1.8,.731,4.7,0.9,0.6,1.1,0.7,2.8,8.2
257,Justin Jackson,SF,23,DAL,29,18.3,3.2,6.6,.484,1.1,3.0,.372,2.1,3.6,.577,.568,0.7,.724,2.3,1.0,0.3,0.0,0.2,1.1,8.2
400,Cameron Payne,PG,24,CLE,9,19.6,3.0,6.1,.491,1.0,2.8,.360,2.0,3.3,.600,.573,1.2,.688,2.1,2.6,0.9,0.3,1.2,1.7,8.2
348,Darius Miller,SF,28,NOP,69,25.5,2.7,7.0,.390,1.9,5.3,.365,0.8,1.7,.467,.528,0.8,.789,1.9,2.1,0.6,0.3,0.9,2.4,8.2
521,Christian Wood,PF,23,TOT,21,12.0,2.9,5.6,.521,0.4,1.2,.346,2.5,4.3,.571,.560,2.0,.732,4.0,0.4,0.3,0.5,0.8,0.8,8.2
63,Avery Bradley,SG,28,LAC,49,29.9,3.3,8.6,.383,1.2,3.5,.337,2.1,5.1,.415,.452,0.4,.800,2.7,2.0,0.6,0.3,1.2,2.7,8.2
474,Isaiah Thomas,SG,29,DEN,12,15.1,2.8,8.3,.343,1.0,3.6,.279,1.8,4.7,.393,.404,1.4,.630,1.1,1.9,0.4,0.1,1.5,1.4,8.1
423,Austin Rivers,SG,26,TOT,76,26.7,3.1,7.5,.406,1.4,4.3,.318,1.7,3.2,.522,.497,0.7,.526,2.1,2.2,0.6,0.3,0.9,2.7,8.1
254,Frank Jackson,PG,20,NOP,61,19.2,3.2,7.3,.434,0.9,2.8,.314,2.3,4.6,.507,.493,0.9,.740,2.2,1.1,0.4,0.0,0.8,1.5,8.1
48,Dāvis Bertāns,PF,26,SAS,76,21.5,2.7,6.0,.450,1.9,4.4,.429,0.8,1.5,.513,.610,0.7,.883,3.5,1.3,0.5,0.4,0.6,1.8,8.0
15,Kyle Anderson,SF,25,MEM,43,29.8,3.5,6.4,.543,0.2,0.8,.265,3.3,5.6,.583,.560,0.9,.578,5.8,3.0,1.3,0.9,1.3,2.6,8.0
443,Wayne Selden,SG,24,CHI,43,22.9,3.0,7.5,.407,0.8,2.6,.315,2.2,4.9,.455,.461,1.0,.714,3.2,1.7,0.5,0.2,1.3,1.9,8.0
119,Jamal Crawford,SG,38,PHO,64,18.9,2.7,6.8,.397,1.0,3.2,.332,1.7,3.7,.453,.474,1.5,.845,1.3,3.6,0.5,0.2,1.5,1.2,7.9
320,Shelvin Mack,PG,28,MEM,53,22.7,3.0,7.3,.414,0.9,2.4,.359,2.2,4.9,.441,.473,1.0,.707,1.9,3.4,0.8,0.1,1.2,1.5,7.9
123,Seth Curry,SG,28,POR,74,18.9,2.9,6.3,.456,1.5,3.4,.450,1.3,2.9,.463,.577,0.6,.846,1.6,0.9,0.5,0.2,0.8,1.3,7.9
266,James Johnson,PF,31,MIA,55,21.2,3.0,6.9,.433,0.9,2.7,.336,2.1,4.2,.496,.499,0.9,.714,3.2,2.5,0.6,0.5,1.3,2.1,7.8
216,Josh Hart,SG,23,LAL,67,25.6,2.8,6.9,.407,1.4,4.1,.336,1.4,2.8,.511,.506,0.8,.688,3.7,1.4,1.0,0.6,0.9,2.2,7.8
469,Garrett Temple,SG,32,TOT,75,27.2,2.8,6.6,.422,1.2,3.5,.341,1.6,3.1,.515,.513,1.1,.748,2.9,1.4,1.0,0.4,0.9,2.7,7.8
404,Mason Plumlee,C,28,DEN,82,21.1,3.2,5.4,.593,0.0,0.1,.200,3.2,5.3,.602,.595,1.4,.561,6.4,3.0,0.8,0.9,1.5,3.1,7.8
529,Ante Žižić,C,22,CLE,59,18.3,3.1,5.6,.553,0.0,0.0,0,3.1,5.6,.553,.553,1.6,.705,5.4,0.9,0.2,0.4,1.0,1.9,7.8
441,Mike Scott,PF,30,PHI,27,24.0,2.8,7.0,.400,1.8,4.4,.412,1.0,2.6,.380,.529,0.4,.667,3.8,0.8,0.3,0.2,0.6,2.5,7.8
528,Tyler Zeller,C,29,TOT,6,15.5,2.7,5.0,.533,0.0,0.2,.000,2.7,4.8,.552,.533,2.3,.778,4.0,0.7,0.2,0.5,0.7,3.3,7.7
388,Josh Okogie,SG,20,MIN,74,23.7,2.6,6.9,.386,0.8,2.9,.279,1.8,4.0,.464,.445,1.6,.728,2.9,1.2,1.2,0.4,0.9,2.2,7.7
208,Maurice Harkless,SF,25,POR,60,23.6,3.2,6.5,.487,0.6,2.0,.275,2.6,4.5,.582,.530,0.8,.671,4.5,1.2,1.1,0.9,0.8,2.7,7.7
49,Patrick Beverley,PG,30,LAC,78,27.4,2.5,6.1,.407,1.4,3.6,.397,1.1,2.5,.421,.524,1.2,.780,5.0,3.8,0.9,0.6,1.1,3.4,7.6
338,Rodney McGruder,SG,27,MIA,66,23.5,2.8,7.0,.403,1.2,3.4,.351,1.6,3.6,.453,.489,0.8,.722,3.6,1.7,0.5,0.2,1.0,1.7,7.6
228,George Hill,PG,32,TOT,60,21.7,2.8,6.3,.452,0.8,2.6,.314,2.0,3.7,.547,.516,1.2,.824,2.5,2.3,0.9,0.1,0.9,1.7,7.6
295,Jake Layman,SF,24,POR,71,18.7,3.0,6.0,.509,0.8,2.5,.326,2.2,3.4,.646,.579,0.7,.704,3.1,0.7,0.4,0.4,0.6,1.6,7.6
65,Corey Brewer,SF,32,PHI,7,20.0,2.9,7.0,.408,0.6,2.0,.286,2.3,5.0,.457,.449,1.3,.692,2.4,1.4,1.7,0.3,1.1,2.3,7.6
396,Chandler Parsons,SF,30,MEM,25,19.8,2.7,7.3,.374,1.2,3.8,.309,1.6,3.5,.443,.453,0.9,.880,2.8,1.7,0.8,0.2,1.3,1.8,7.5
168,Dorian Finney-Smith,SF,25,DAL,81,24.5,2.8,6.5,.432,1.0,3.1,.311,1.8,3.4,.544,.507,0.9,.709,4.8,1.2,0.9,0.4,0.9,2.3,7.5
446,Iman Shumpert,SG,28,TOT,62,23.9,2.7,7.2,.374,1.5,4.4,.348,1.2,2.8,.416,.481,0.6,.800,3.0,1.8,1.0,0.4,0.8,2.0,7.5
267,Stanley Johnson,SF,22,DET,48,20.0,2.8,7.3,.381,1.1,3.8,.282,1.7,3.5,.488,.454,0.9,.804,3.6,1.3,1.0,0.3,1.1,1.9,7.5
320,Shelvin Mack,PG,28,TOT,57,21.9,2.9,7.1,.404,0.8,2.3,.354,2.1,4.8,.429,.462,1.0,.690,1.8,3.2,0.8,0.1,1.2,1.5,7.5
71,Dillon Brooks,SF,23,MEM,18,18.3,2.7,6.8,.402,0.8,2.2,.375,1.9,4.6,.415,.463,1.2,.733,1.7,0.9,0.6,0.2,1.1,2.8,7.5
67,Miles Bridges,SF,20,CHO,80,21.2,3.0,6.4,.464,0.8,2.5,.325,2.2,3.9,.553,.527,0.7,.753,4.0,1.2,0.7,0.6,0.6,1.4,7.5
88,Isaiah Canaan,PG,27,PHO,19,26.5,2.7,6.8,.395,1.3,3.8,.347,1.4,3.0,.456,.492,0.8,.750,2.6,3.3,0.6,0.0,1.5,2.4,7.5
156,James Ennis III,SF,28,HOU,40,23.7,2.6,5.3,.493,1.1,3.0,.367,1.5,2.3,.659,.597,1.1,.724,2.9,0.7,1.0,0.4,0.6,2.8,7.4
92,Vince Carter,PF,42,ATL,76,17.5,2.6,6.2,.419,1.6,4.2,.389,1.0,2.0,.480,.550,0.6,.712,2.6,1.1,0.6,0.4,0.6,1.9,7.4
369,Mike Muscala,PF,27,PHI,47,22.1,2.3,5.9,.392,1.4,4.2,.342,0.9,1.7,.519,.514,1.3,.818,4.3,1.3,0.4,0.6,0.9,2.4,7.4
199,Draymond Green,PF,28,GSW,66,31.3,2.8,6.4,.445,0.7,2.5,.285,2.1,3.9,.549,.501,1.0,.692,7.3,6.9,1.4,1.1,2.6,3.0,7.4
133,Matthew Dellavedova,PG,28,CLE,36,19.9,2.6,6.2,.413,1.1,3.3,.336,1.4,2.9,.500,.502,1.1,.792,1.9,4.2,0.3,0.1,1.6,1.8,7.3
428,Mitchell Robinson,C,20,NYK,66,20.6,3.1,4.4,.694,0.0,0.0,0,3.1,4.4,.694,.694,1.2,.600,6.4,0.6,0.8,2.4,0.5,3.3,7.3
26,Dwayne Bacon,SG,23,CHO,43,17.7,2.8,6.0,.475,0.9,2.0,.437,2.0,4.0,.494,.549,0.8,.739,2.1,1.1,0.3,0.1,0.4,1.7,7.3
325,Boban Marjanović,C,30,TOT,58,11.7,2.8,4.5,.615,0.1,0.2,.400,2.7,4.3,.624,.623,1.7,.748,4.6,0.9,0.3,0.5,1.0,1.6,7.3
484,P.J. Tucker,PF,33,HOU,82,34.2,2.5,6.4,.396,1.8,4.7,.377,0.7,1.7,.449,.535,0.5,.695,5.8,1.2,1.6,0.5,0.8,3.1,7.3
53,Antonio Blakeney,SG,22,CHI,57,14.5,2.9,6.9,.419,0.6,1.6,.396,2.3,5.4,.426,.465,0.9,.658,1.9,0.7,0.2,0.2,0.6,0.7,7.3
336,Doug McDermott,SF,27,IND,77,17.4,2.7,5.5,.491,1.1,2.7,.408,1.6,2.8,.569,.590,0.9,.835,1.4,0.9,0.2,0.1,0.5,1.4,7.3
378,Dirk Nowitzki,PF,40,DAL,51,15.6,2.6,7.4,.359,1.3,4.0,.312,1.4,3.4,.415,.444,0.8,.780,3.1,0.7,0.2,0.4,0.4,1.5,7.3
222,Willy Hernangómez,C,24,CHO,58,14.0,2.6,5.1,.519,0.3,0.7,.385,2.4,4.4,.539,.544,1.7,.694,5.4,1.0,0.3,0.3,1.0,1.7,7.3
464,Lance Stephenson,SG,28,LAL,68,16.5,2.7,6.4,.426,1.1,2.9,.371,1.6,3.5,.472,.510,0.7,.685,3.2,2.1,0.6,0.1,1.3,1.6,7.2
257,Justin Jackson,SF,23,TOT,81,19.9,2.7,6.0,.447,1.1,3.0,.355,1.6,3.0,.542,.537,0.8,.785,2.6,1.2,0.4,0.2,0.4,1.2,7.2
423,Austin Rivers,SG,26,WAS,29,23.6,2.6,6.7,.392,1.1,3.7,.311,1.5,3.0,.489,.477,0.9,.543,2.4,2.0,0.6,0.3,1.2,2.5,7.2
134,Luol Deng,SF,33,MIN,22,17.8,2.7,5.4,.500,0.6,2.0,.318,2.0,3.4,.608,.559,1.1,.714,3.3,0.8,0.7,0.4,0.6,1.1,7.1
376,Joakim Noah,C,33,MEM,42,16.5,2.6,5.1,.516,0.0,0.0,.000,2.6,5.0,.519,.516,1.9,.716,5.7,2.1,0.5,0.7,1.2,2.3,7.1
330,Wesley Matthews,SG,32,NYK,2,27.0,2.0,9.5,.211,1.0,5.0,.200,1.0,4.5,.222,.263,2.0,.800,1.5,2.5,0.5,0.5,1.0,1.0,7.0
272,Derrick Jones Jr.,SF,21,MIA,60,19.2,2.7,5.4,.494,0.5,1.5,.308,2.2,3.9,.567,.537,1.2,.607,4.0,0.6,0.8,0.7,0.7,2.1,7.0
306,Jeremy Lin,PG,30,TOR,23,18.8,2.5,6.7,.374,0.5,2.4,.200,2.0,4.3,.470,.410,1.5,.810,2.6,2.2,0.4,0.3,1.1,2.1,7.0
369,Mike Muscala,PF,27,TOT,64,20.4,2.3,5.6,.402,1.4,4.0,.348,0.9,1.6,.533,.525,1.1,.824,3.8,1.2,0.3,0.6,0.8,2.0,7.0
186,Harry Giles,PF,20,SAC,58,14.1,3.0,6.0,.503,0.0,0.1,.000,3.0,5.9,.512,.503,1.0,.637,3.8,1.5,0.5,0.4,1.3,2.6,7.0
21,OG Anunoby,SF,21,TOR,67,20.2,2.7,6.0,.453,1.0,3.0,.332,1.7,3.0,.574,.536,0.5,.581,2.9,0.7,0.7,0.3,0.8,2.1,7.0
287,Luke Kornet,PF,23,NYK,46,17.0,2.3,6.2,.378,1.5,4.2,.363,0.8,2.0,.411,.502,0.8,.826,2.9,1.2,0.6,0.9,0.5,0.9,7.0
42,Michael Beasley,PF,30,LAL,26,10.7,2.9,5.9,.490,0.1,0.7,.176,2.8,5.2,.529,.500,1.1,.718,2.3,1.0,0.3,0.4,1.0,1.6,7.0
267,Stanley Johnson,SF,22,TOT,66,18.3,2.6,6.7,.389,0.9,3.3,.288,1.7,3.4,.484,.459,0.8,.781,3.3,1.3,0.9,0.2,1.2,1.7,6.9
113,Pat Connaughton,SG,26,MIL,61,20.7,2.7,5.7,.466,1.1,3.3,.330,1.6,2.5,.647,.560,0.5,.725,4.2,2.0,0.5,0.4,0.5,1.3,6.9
276,Tyus Jones,PG,22,MIN,68,22.9,2.7,6.6,.415,0.6,1.9,.317,2.1,4.7,.453,.460,0.9,.841,2.0,4.8,1.2,0.1,0.7,1.1,6.9
522,Delon Wright,PG,26,TOR,49,18.3,2.6,6.0,.433,0.6,1.8,.333,2.0,4.1,.478,.485,1.1,.869,2.6,2.2,0.9,0.3,0.8,1.1,6.9
443,Wayne Selden,SG,24,TOT,75,19.2,2.6,6.4,.406,0.7,2.3,.316,1.9,4.1,.456,.463,0.9,.728,2.4,1.5,0.4,0.2,1.1,1.7,6.9
166,Terrance Ferguson,SG,20,OKC,74,26.1,2.5,5.8,.429,1.4,3.9,.366,1.1,1.9,.560,.552,0.5,.725,1.9,1.0,0.5,0.2,0.6,3.1,6.9
450,Jonathon Simmons,SG,29,ORL,41,20.6,2.5,7.0,.364,0.5,2.0,.229,2.1,5.0,.419,.397,1.4,.778,2.4,2.3,0.4,0.3,1.4,1.7,6.9
161,Dante Exum,PG,23,UTA,42,15.8,2.4,5.7,.419,0.4,1.5,.290,2.0,4.3,.464,.456,1.6,.791,1.6,2.6,0.3,0.1,1.2,1.6,6.9
114,Quinn Cook,PG,25,GSW,74,14.3,2.8,5.9,.465,1.1,2.7,.405,1.7,3.2,.515,.557,0.3,.769,2.1,1.6,0.3,0.0,0.7,1.2,6.9
288,Kyle Korver,PF,37,CLE,16,15.7,2.2,4.8,.461,1.6,3.4,.463,0.6,1.4,.455,.625,0.8,.813,1.8,1.1,0.2,0.1,1.1,1.4,6.8
283,Maxi Kleber,PF,27,DAL,71,21.2,2.5,5.4,.453,1.1,3.1,.353,1.4,2.4,.583,.553,0.8,.784,4.6,1.0,0.5,1.1,0.8,2.0,6.8
246,Ersan İlyasova,PF,31,MIL,67,18.4,2.5,5.7,.438,0.9,2.4,.363,1.6,3.3,.493,.514,0.9,.824,4.5,0.8,0.5,0.3,0.7,2.6,6.8
228,George Hill,PG,32,MIL,47,20.4,2.4,5.7,.428,0.7,2.7,.280,1.7,3.1,.556,.493,1.1,.815,2.6,2.1,0.9,0.1,0.7,1.4,6.8
284,Brandon Knight,PG,27,TOT,39,18.9,2.5,6.7,.381,1.1,3.3,.318,1.5,3.4,.443,.460,0.7,.794,1.5,1.8,0.5,0.1,0.8,1.6,6.8
485,Evan Turner,PG,30,POR,73,22.0,2.8,6.1,.460,0.2,0.7,.212,2.6,5.4,.494,.473,1.0,.708,4.5,3.9,0.5,0.2,1.6,1.5,6.8
316,Timothé Luwawu-Cabarrot,SF,23,CHI,29,18.8,2.4,6.0,.394,1.1,3.2,.330,1.3,2.8,.469,.483,0.9,.771,2.7,0.8,0.5,0.2,0.6,2.0,6.8
281,Michael Kidd-Gilchrist,PF,25,CHO,64,18.4,2.5,5.2,.476,0.3,0.7,.340,2.2,4.5,.498,.500,1.5,.772,3.8,1.0,0.5,0.6,0.7,2.4,6.7
156,James Ennis III,SF,28,TOT,58,21.2,2.4,5.1,.469,0.9,2.7,.353,1.4,2.4,.601,.563,1.0,.716,3.1,0.7,0.7,0.4,0.6,2.6,6.7
22,Ryan Arcidiacono,PG,24,CHI,81,24.2,2.3,5.2,.447,1.0,2.7,.373,1.3,2.5,.527,.544,1.1,.873,2.7,3.3,0.8,0.0,0.8,2.1,6.7
458,Zhaire Smith,SG,19,PHI,6,18.5,2.3,5.7,.412,1.0,2.7,.375,1.3,3.0,.444,.500,1.0,.750,2.2,1.7,0.3,0.3,1.0,1.3,6.7
101,Wilson Chandler,PF,31,PHI,36,26.4,2.5,5.8,.440,1.3,3.3,.390,1.3,2.5,.506,.551,0.4,.722,4.7,2.0,0.6,0.5,1.1,2.6,6.7
325,Boban Marjanović,C,30,LAC,36,10.4,2.4,3.9,.607,0.0,0.1,.000,2.4,3.8,.616,.607,2.0,.758,4.2,0.6,0.3,0.5,1.0,1.6,6.7
257,Justin Jackson,SF,23,SAC,52,20.8,2.4,5.7,.424,1.1,3.1,.346,1.3,2.6,.515,.517,0.8,.820,2.8,1.3,0.4,0.3,0.4,1.3,6.7
106,Ian Clark,SG,27,NOP,60,16.2,2.5,6.4,.394,1.1,3.4,.327,1.4,3.0,.470,.480,0.6,.892,1.5,1.6,0.4,0.1,1.0,1.6,6.7
456,J.R. Smith,SG,33,CLE,11,20.2,2.5,7.2,.342,1.1,3.5,.308,1.4,3.6,.375,.418,0.7,.800,1.6,1.9,1.0,0.3,1.0,1.7,6.7
424,Devin Robinson,SF,23,WAS,7,13.6,2.7,4.6,.594,0.0,0.3,.000,2.7,4.3,.633,.594,1.3,.643,2.9,0.9,0.6,0.9,0.3,1.6,6.7
109,Zach Collins,C,21,POR,77,17.6,2.5,5.2,.473,0.5,1.6,.331,1.9,3.6,.534,.523,1.2,.746,4.2,0.9,0.3,0.9,1.0,2.3,6.6
72,MarShon Brooks,SG,30,MEM,29,13.3,2.6,5.8,.450,0.5,1.9,.278,2.1,4.0,.530,.494,0.8,.697,1.6,0.9,0.3,0.1,0.7,1.1,6.6
278,Cory Joseph,PG,27,IND,82,25.2,2.8,6.7,.412,0.7,2.1,.322,2.1,4.6,.454,.463,0.4,.698,3.4,3.9,1.1,0.3,1.0,1.6,6.5
215,Shaquille Harrison,SG,25,CHI,73,19.6,2.5,5.8,.432,0.3,1.2,.270,2.2,4.6,.475,.460,1.1,.667,3.0,1.9,1.2,0.4,0.8,1.7,6.5
513,Johnathan Williams,C,23,LAL,24,15.5,2.7,4.6,.591,0.0,0.1,.000,2.7,4.5,.602,.591,1.1,.563,4.1,0.5,0.3,0.3,0.7,2.6,6.5
180,Billy Garrett,SG,24,NYK,4,15.8,2.8,6.8,.407,0.0,2.0,.000,2.8,4.8,.579,.407,1.0,1.000,0.8,1.8,0.3,0.3,0.5,0.8,6.5
362,Markieff Morris,PF,29,OKC,24,16.1,2.5,6.5,.391,0.8,2.5,.339,1.7,4.0,.423,.455,0.6,.737,3.8,0.8,0.5,0.1,0.3,2.4,6.5
450,Jonathon Simmons,SG-SF,29,TOT,56,19.0,2.4,6.3,.380,0.5,1.9,.269,1.9,4.4,.427,.420,1.3,.742,2.3,2.3,0.5,0.3,1.2,1.6,6.5
382,David Nwaba,SF,26,CLE,51,19.3,2.5,5.1,.481,0.5,1.5,.320,2.0,3.7,.545,.527,1.1,.682,3.2,1.1,0.7,0.3,0.6,2.1,6.5
335,T.J. McConnell,PG,26,PHI,76,19.3,2.9,5.5,.525,0.2,0.6,.333,2.7,5.0,.546,.542,0.4,.784,2.3,3.4,1.0,0.2,1.2,1.4,6.4
342,Jodie Meeks,SG,31,TOR,8,13.0,2.6,4.9,.538,1.0,2.3,.444,1.6,2.6,.619,.641,0.1,1.000,1.5,1.0,0.1,0.1,0.3,0.6,6.4
76,Sterling Brown,SG,23,MIL,58,17.8,2.5,5.4,.465,0.9,2.5,.361,1.6,2.8,.558,.550,0.5,.690,3.2,1.4,0.4,0.1,0.8,1.5,6.4
347,C.J. Miles,SF,31,TOT,53,16.2,2.1,5.9,.360,1.3,3.8,.330,0.8,2.0,.417,.468,0.9,.828,1.8,0.7,0.5,0.3,0.6,1.5,6.4
139,Gorgui Dieng,C,29,MIN,76,13.6,2.5,5.0,.501,0.3,0.7,.339,2.2,4.2,.530,.527,1.2,.830,4.1,0.9,0.6,0.5,0.8,1.8,6.4
262,Jonas Jerebko,PF,31,GSW,73,16.7,2.2,4.9,.459,0.9,2.6,.367,1.3,2.3,.563,.556,0.9,.800,3.9,1.3,0.4,0.2,0.6,1.9,6.3
173,Tim Frazier,PG,28,MIL,12,17.6,2.3,5.5,.424,0.8,2.0,.417,1.5,3.5,.429,.500,0.8,.692,2.6,3.5,0.4,0.1,1.3,1.6,6.3
309,Kevon Looney,C,22,GSW,80,18.5,2.7,4.3,.625,0.0,0.1,.100,2.7,4.2,.641,.627,0.8,.619,5.2,1.5,0.6,0.7,0.6,2.6,6.3
400,Cameron Payne,PG,24,TOT,40,17.8,2.4,5.6,.430,0.6,2.1,.298,1.8,3.5,.511,.487,0.8,.805,1.8,2.7,0.7,0.2,1.1,1.6,6.3
210,Devin Harris,PG,35,DAL,68,15.8,1.9,5.1,.380,0.9,2.9,.310,1.0,2.2,.476,.470,1.5,.761,1.6,1.8,0.5,0.2,0.8,2.0,6.3
96,Omri Casspi,SF,30,MEM,36,14.4,2.4,4.5,.534,0.4,1.2,.349,2.0,3.3,.602,.581,1.1,.672,3.2,0.7,0.6,0.3,0.6,1.0,6.3
131,Sam Dekker,PF,24,CLE,9,18.8,2.4,5.3,.458,0.6,1.4,.385,1.9,3.9,.486,.510,0.9,.800,3.7,1.0,1.2,0.0,0.6,1.4,6.3
31,Mo Bamba,C,20,ORL,47,16.3,2.5,5.2,.481,0.4,1.5,.300,2.0,3.7,.555,.525,0.8,.587,5.0,0.8,0.3,1.4,0.9,2.2,6.2
143,Tyler Dorsey,SG,22,TOT,48,14.5,2.2,5.5,.405,0.9,2.8,.333,1.3,2.8,.477,.489,0.8,.623,2.4,1.2,0.3,0.0,0.6,1.1,6.2
125,Troy Daniels,SG,27,PHO,51,14.9,2.2,5.4,.411,1.5,3.8,.381,0.8,1.6,.481,.545,0.4,.783,1.4,0.5,0.5,0.1,0.5,1.5,6.2
37,Jerryd Bayless,PG,30,MIN,34,19.3,2.4,6.8,.357,0.9,2.9,.296,1.6,3.9,.402,.420,0.5,.571,1.8,3.5,0.5,0.1,0.9,1.6,6.1
514,Kenrich Williams,SF,24,NOP,46,23.5,2.3,6.1,.384,1.1,3.4,.333,1.2,2.7,.447,.477,0.3,.684,4.8,1.8,1.0,0.4,0.8,2.1,6.1
462,Nik Stauskas,SG,25,POR,44,15.3,2.2,5.2,.419,1.0,2.8,.344,1.2,2.4,.510,.513,0.7,.889,1.8,1.4,0.3,0.1,0.9,0.7,6.1
131,Sam Dekker,PF,24,WAS,38,16.3,2.6,5.5,.471,0.4,1.3,.286,2.2,4.2,.528,.505,0.5,.556,3.0,1.0,0.7,0.2,0.5,0.9,6.1
131,Sam Dekker,PF,24,TOT,47,16.8,2.6,5.4,.469,0.4,1.3,.306,2.1,4.1,.521,.506,0.6,.609,3.1,1.0,0.8,0.1,0.5,1.0,6.1
153,Henry Ellenson,PF,22,NYK,17,13.8,2.1,5.0,.412,0.9,2.0,.441,1.2,3.0,.392,.500,1.0,.739,3.4,0.9,0.4,0.1,0.5,1.5,6.0
153,Henry Ellenson,PF,22,DET,2,12.5,2.0,5.0,.400,1.0,2.0,.500,1.0,3.0,.333,.500,1.0,1.000,4.5,0.5,0.0,0.0,0.0,1.0,6.0
153,Henry Ellenson,PF,22,TOT,19,13.6,2.1,5.0,.411,0.9,2.0,.447,1.2,3.0,.386,.500,1.0,.760,3.5,0.8,0.4,0.1,0.5,1.4,6.0
101,Wilson Chandler,PF-SF,31,TOT,51,23.1,2.2,5.4,.418,1.2,3.1,.373,1.1,2.3,.478,.526,0.4,.720,4.2,1.6,0.5,0.4,0.9,2.4,6.0
88,Isaiah Canaan,PG,27,TOT,30,21.0,2.1,5.5,.390,1.1,3.2,.354,1.0,2.3,.441,.494,0.6,.792,1.9,2.8,0.5,0.1,1.2,1.7,6.0
137,Cheick Diallo,PF,22,NOP,64,14.0,2.6,4.2,.620,0.0,0.1,.250,2.6,4.2,.625,.622,0.8,.746,5.2,0.5,0.5,0.5,0.8,1.8,6.0
459,Tony Snell,SF,27,MIL,74,17.6,2.2,4.9,.452,1.1,2.8,.397,1.1,2.1,.522,.564,0.5,.881,2.1,0.9,0.4,0.2,0.3,1.2,6.0
120,Mitch Creek,SF,26,MIN,1,12.0,3.0,6.0,.500,0.0,1.0,.000,3.0,5.0,.600,.500,0.0,0,2.0,1.0,1.0,0.0,1.0,0.0,6.0
167,Yogi Ferrell,PG,25,SAC,71,15.0,2.2,5.0,.435,0.8,2.1,.362,1.4,2.9,.488,.511,0.8,.896,1.5,1.9,0.5,0.1,0.6,0.9,5.9
369,Mike Muscala,PF,27,LAL,17,15.6,2.1,4.9,.434,1.2,3.4,.368,0.9,1.5,.577,.560,0.4,.875,2.6,0.8,0.2,0.6,0.3,1.1,5.9
341,Jordan McRae,SG,27,WAS,27,12.3,2.3,4.8,.469,0.4,1.3,.286,1.9,3.5,.537,.508,1.0,.800,1.5,1.1,0.5,0.3,0.6,1.0,5.9
302,Meyers Leonard,C,26,POR,61,14.4,2.2,4.0,.545,0.8,1.8,.450,1.3,2.1,.626,.649,0.7,.843,3.8,1.2,0.2,0.1,0.7,1.7,5.9
133,Matthew Dellavedova,PG,28,TOT,48,16.9,2.0,5.0,.405,0.9,2.7,.338,1.1,2.3,.482,.496,0.9,.808,1.6,3.8,0.3,0.0,1.4,1.6,5.9
230,Aaron Holiday,PG,22,IND,50,12.9,2.1,5.2,.401,0.9,2.5,.339,1.2,2.7,.459,.483,0.8,.820,1.3,1.7,0.4,0.3,0.8,1.4,5.9
462,Nik Stauskas,SG,25,TOT,68,14.9,2.0,5.0,.402,1.0,2.8,.372,1.0,2.2,.440,.506,0.8,.891,1.9,1.2,0.3,0.1,0.8,0.7,5.9
461,Omari Spellman,PF,21,ATL,46,17.5,2.1,5.3,.402,1.0,2.8,.344,1.2,2.5,.466,.492,0.7,.711,4.2,1.0,0.6,0.5,0.7,1.5,5.9
286,Furkan Korkmaz,SG,21,PHI,48,14.1,2.0,5.1,.400,1.0,3.0,.326,1.1,2.1,.505,.496,0.8,.818,2.2,1.1,0.6,0.0,0.5,1.3,5.8
221,Juancho Hernangómez,PF,23,DEN,70,19.4,2.0,4.5,.439,0.9,2.6,.365,1.0,1.9,.541,.545,0.9,.767,3.8,0.8,0.4,0.3,0.5,1.3,5.8
441,Mike Scott,PF,30,TOT,79,17.7,2.1,5.3,.400,1.3,3.2,.401,0.8,2.1,.399,.520,0.3,.667,3.5,0.8,0.3,0.2,0.6,2.0,5.8
519,D.J. Wilson,PF,22,MIL,48,18.4,2.2,5.2,.414,1.0,2.6,.362,1.2,2.6,.468,.506,0.5,.553,4.6,1.1,0.4,0.4,0.7,1.8,5.8
415,Ivan Rabb,PF,21,MEM,49,14.7,2.4,4.3,.547,0.1,0.3,.200,2.3,4.0,.574,.554,1.0,.710,4.2,1.1,0.3,0.3,0.7,1.8,5.8
128,Ed Davis,C,29,BRK,81,17.9,2.3,3.7,.616,0.0,0.0,.000,2.3,3.7,.620,.616,1.2,.617,8.6,0.8,0.4,0.4,0.8,2.8,5.8
379,Frank Ntilikina,PG,20,NYK,43,21.0,2.2,6.6,.337,0.8,2.7,.287,1.4,3.9,.371,.395,0.5,.767,2.0,2.8,0.7,0.3,1.3,2.4,5.7
400,Cameron Payne,PG,24,CHI,31,17.3,2.2,5.4,.411,0.5,1.9,.271,1.7,3.5,.486,.458,0.7,.880,1.7,2.7,0.6,0.2,1.1,1.6,5.7
387,Elie Okobo,PG,21,PHO,53,18.1,2.2,5.5,.393,0.7,2.5,.295,1.4,3.0,.475,.460,0.7,.787,1.8,2.4,0.6,0.1,1.3,2.1,5.7
245,Andre Iguodala,SF,35,GSW,68,23.2,2.2,4.4,.500,0.7,2.1,.333,1.5,2.3,.652,.579,0.6,.582,3.7,3.2,0.9,0.8,0.8,1.4,5.7
64,Tony Bradley,C,21,UTA,3,12.0,2.7,5.3,.500,0.0,0.0,0,2.7,5.3,.500,.500,0.3,.500,5.0,0.3,0.7,0.7,1.0,2.0,5.7
473,Daniel Theis,C,26,BOS,66,13.8,2.2,4.0,.549,0.4,1.0,.388,1.8,3.0,.603,.598,0.8,.737,3.4,1.0,0.3,0.6,0.5,2.4,5.7
104,Marquese Chriss,PF,21,CLE,27,14.6,2.1,5.4,.384,0.6,2.1,.263,1.5,3.3,.461,.435,1.0,.684,4.2,0.6,0.6,0.3,0.9,2.4,5.7
118,Torrey Craig,SF,28,DEN,75,20.0,2.1,4.8,.442,0.8,2.5,.324,1.3,2.3,.569,.526,0.7,.700,3.5,1.0,0.5,0.6,0.6,2.3,5.7
38,Aron Baynes,C,32,BOS,51,16.1,2.1,4.4,.471,0.4,1.2,.344,1.6,3.2,.519,.518,1.0,.855,4.7,1.1,0.2,0.7,0.8,2.5,5.6
10,Grayson Allen,SG,23,UTA,38,10.9,1.8,4.7,.376,0.8,2.6,.323,0.9,2.1,.443,.466,1.2,.750,0.6,0.7,0.2,0.2,0.9,1.2,5.6
220,John Henson,C,28,MIL,14,13.4,2.2,4.8,.463,0.8,2.2,.355,1.4,2.6,.556,.545,0.4,.600,5.1,1.0,0.5,0.8,0.9,1.1,5.6
416,Chasson Randle,PG,25,WAS,49,15.2,1.9,4.4,.419,0.9,2.3,.400,0.9,2.1,.441,.525,0.9,.694,1.1,2.0,0.5,0.1,0.9,1.9,5.5
406,Jakob Poeltl,C,23,SAS,77,16.5,2.4,3.8,.645,0.0,0.0,0,2.4,3.8,.645,.645,0.6,.533,5.3,1.2,0.4,0.9,0.6,1.6,5.5
324,Thon Maker,PF,21,DET,29,19.4,1.7,4.6,.373,0.8,2.6,.307,0.9,2.0,.458,.459,1.2,.766,3.7,0.9,0.4,1.1,0.8,1.7,5.5
462,Nik Stauskas,SG,25,CLE,24,14.3,1.7,4.5,.367,1.1,2.6,.429,0.5,1.9,.283,.491,1.0,.893,2.0,0.8,0.3,0.1,0.5,0.8,5.5
450,Jonathon Simmons,SF,29,PHI,15,14.6,1.9,4.3,.453,0.6,1.4,.429,1.3,2.9,.465,.523,1.1,.640,1.7,2.2,0.7,0.1,0.8,1.4,5.5
347,C.J. Miles,SF,31,TOR,40,14.1,1.8,5.2,.340,1.1,3.4,.314,0.7,1.7,.391,.444,0.9,.795,1.7,0.6,0.5,0.3,0.5,1.6,5.5
94,Michael Carter-Williams,PG,27,ORL,12,18.9,1.8,5.2,.339,0.3,1.6,.158,1.5,3.6,.419,.363,1.7,.741,4.8,4.1,0.9,0.8,0.8,1.8,5.4
271,Damian Jones,C,23,GSW,24,17.1,2.2,3.1,.716,0.0,0.0,0,2.2,3.1,.716,.716,1.0,.649,3.1,1.2,0.5,1.0,0.7,2.6,5.4
443,Wayne Selden,SG,24,MEM,32,14.2,2.0,5.0,.404,0.6,2.0,.317,1.4,3.1,.459,.466,0.7,.759,1.4,1.1,0.3,0.2,0.7,1.5,5.4
267,Stanley Johnson,SF,22,NOP,18,13.7,2.1,5.1,.418,0.6,1.9,.324,1.5,3.2,.474,.478,0.5,.692,2.3,1.6,0.7,0.1,1.4,1.2,5.3
194,Treveon Graham,SG,25,BRK,35,20.4,1.8,5.5,.335,1.1,3.7,.297,0.7,1.8,.413,.435,0.5,.818,3.1,1.0,0.4,0.2,0.5,1.9,5.3
518,Troy Williams,SF,24,SAC,21,14.9,2.1,4.7,.449,0.7,2.1,.318,1.4,2.6,.556,.520,0.4,.600,2.8,0.5,0.5,0.4,0.4,1.8,5.3
374,Raul Neto,PG,26,UTA,37,12.8,2.0,4.4,.460,0.5,1.6,.333,1.5,2.7,.535,.522,0.8,.848,1.7,2.5,0.4,0.1,0.9,1.3,5.3
357,Greg Monroe,C,28,TOT,43,11.2,2.1,4.4,.487,0.0,0.1,.200,2.1,4.3,.495,.489,1.0,.625,4.0,0.6,0.3,0.2,0.7,1.5,5.3
1,Álex Abrines,SG,25,OKC,31,19.0,1.8,5.1,.357,1.3,4.1,.323,0.5,1.0,.500,.487,0.4,.923,1.5,0.6,0.5,0.2,0.5,1.7,5.3
173,Tim Frazier,PG,28,TOT,59,19.0,2.0,4.4,.444,0.6,1.7,.366,1.3,2.7,.494,.515,0.7,.759,2.8,4.2,0.5,0.1,1.3,1.9,5.3
156,James Ennis III,SF,28,PHI,18,15.6,1.9,4.6,.410,0.6,2.0,.306,1.3,2.6,.489,.476,0.9,.696,3.6,0.8,0.2,0.4,0.6,2.2,5.3
261,John Jenkins,SG,27,NYK,22,14.5,1.8,4.7,.388,0.9,2.5,.357,0.9,2.1,.426,.485,0.7,.833,1.6,1.0,0.0,0.1,0.4,0.5,5.2
243,Chandler Hutchison,SF,22,CHI,44,20.3,2.2,4.8,.459,0.3,1.1,.280,1.9,3.6,.516,.493,0.5,.605,4.2,0.8,0.5,0.1,0.6,1.3,5.2
383,Royce O'Neale,SF,25,UTA,82,20.4,2.0,4.2,.475,0.8,2.1,.386,1.2,2.0,.569,.574,0.4,.762,3.5,1.5,0.7,0.3,0.9,2.1,5.2
412,Alex Poythress,PF,25,ATL,21,14.5,1.9,3.9,.494,0.4,1.1,.391,1.5,2.8,.534,.549,0.9,.621,3.6,0.8,0.2,0.5,0.6,2.2,5.1
162,Kenneth Faried,C,29,BRK,12,9.8,2.1,3.5,.595,0.1,0.4,.200,2.0,3.1,.649,.607,0.8,.625,3.7,0.2,0.2,0.3,0.5,0.7,5.1
273,Jalen Jones,SF,25,CLE,16,13.4,1.6,3.9,.419,0.6,1.8,.357,1.0,2.1,.471,.500,1.2,.704,2.1,0.4,0.6,0.1,0.5,1.7,5.1
328,Frank Mason III,PG,24,SAC,38,11.4,1.9,4.4,.420,0.4,1.7,.219,1.5,2.8,.543,.462,1.0,.684,1.1,2.2,0.4,0.1,0.9,0.9,5.1
436,Brandon Sampson,SG,21,CHI,14,15.3,2.0,4.3,.467,0.8,2.1,.379,1.2,2.2,.548,.558,0.3,.667,1.1,0.7,0.6,0.2,0.9,1.4,5.1
324,Thon Maker,C-PF,21,TOT,64,15.2,1.7,4.2,.407,0.8,2.4,.320,0.9,1.8,.522,.498,0.9,.667,3.2,0.7,0.3,0.8,0.5,1.6,5.0
331,Luc Mbah a Moute,PF,32,LAC,4,15.3,2.0,4.5,.444,0.5,1.5,.333,1.5,3.0,.500,.500,0.5,.400,1.8,0.5,0.3,0.3,0.5,2.0,5.0
173,Tim Frazier,PG,28,NOP,47,19.3,1.9,4.1,.451,0.6,1.6,.351,1.3,2.5,.517,.521,0.7,.780,2.9,4.4,0.5,0.1,1.3,2.0,5.0
252,Wes Iwundu,SF,24,ORL,68,18.1,1.7,4.0,.412,0.4,1.2,.367,1.2,2.9,.431,.465,1.2,.816,2.7,1.1,0.4,0.3,0.6,1.8,5.0
46,Dragan Bender,PF,21,PHO,46,18.0,1.9,4.3,.447,0.5,2.2,.218,1.4,2.1,.688,.503,0.7,.593,4.0,1.2,0.4,0.5,0.8,2.0,5.0
35,Keita Bates-Diop,SF,23,MIN,30,16.8,2.0,4.7,.423,0.4,1.7,.250,1.6,3.0,.522,.468,0.6,.643,2.8,0.6,0.6,0.5,0.5,1.0,5.0
344,De'Anthony Melton,PG,20,PHO,50,19.7,2.0,5.1,.391,0.6,1.9,.305,1.4,3.2,.441,.447,0.4,.750,2.7,3.2,1.4,0.5,1.5,2.3,5.0
192,Marcin Gortat,C,34,LAC,47,16.0,2.1,4.0,.532,0.0,0.0,0,2.1,4.0,.532,.532,0.7,.729,5.6,1.4,0.1,0.5,1.1,2.0,5.0
420,Cameron Reynolds,SG,23,MIN,19,13.6,1.7,4.1,.423,1.1,2.7,.412,0.6,1.4,.444,.558,0.4,.889,1.6,0.7,0.3,0.1,0.3,1.4,5.0
480,Anthony Tolliver,PF,33,MIN,65,16.6,1.5,4.0,.382,1.2,3.3,.377,0.3,0.7,.409,.539,0.7,.783,2.7,0.7,0.3,0.3,0.6,1.4,5.0
141,Donte DiVincenzo,SG,22,MIL,27,15.2,1.9,4.6,.403,0.8,3.1,.265,1.0,1.5,.683,.492,0.3,.750,2.4,1.1,0.5,0.2,0.7,1.4,4.9
111,Bonzie Colson,SF,23,MIL,8,12.3,1.6,4.9,.333,0.6,2.6,.238,1.0,2.3,.444,.397,1.0,.889,3.8,0.4,0.6,0.1,0.4,0.4,4.9
377,Nerlens Noel,C,24,OKC,77,13.7,2.1,3.6,.587,0.0,0.0,0,2.1,3.6,.587,.587,0.7,.684,4.2,0.6,0.9,1.2,0.6,2.2,4.9
298,Damion Lee,SG,26,GSW,32,11.7,1.8,4.0,.441,0.8,2.1,.397,0.9,1.8,.492,.547,0.6,.864,2.0,0.4,0.4,0.0,0.3,0.9,4.9
148,Jared Dudley,PF,33,BRK,59,20.7,1.7,4.1,.423,0.9,2.6,.351,0.8,1.5,.545,.533,0.5,.696,2.6,1.4,0.6,0.3,0.7,2.2,4.9
65,Corey Brewer,SF,32,TOT,31,15.9,1.7,4.0,.431,0.5,1.4,.318,1.3,2.5,.494,.488,1.0,.721,2.5,1.3,1.0,0.2,0.6,2.0,4.9
441,Mike Scott,PF,30,LAC,52,14.4,1.8,4.4,.400,1.0,2.6,.391,0.8,1.9,.412,.513,0.2,.667,3.3,0.8,0.3,0.2,0.5,1.7,4.8
94,Michael Carter-Williams,PG,27,TOT,28,13.3,1.6,4.4,.374,0.4,1.4,.263,1.3,3.0,.424,.415,1.1,.604,2.5,2.5,0.7,0.5,0.7,1.7,4.8
357,Greg Monroe,C,28,TOR,38,11.1,1.9,4.2,.460,0.0,0.1,.000,1.9,4.1,.471,.460,0.9,.574,4.1,0.4,0.3,0.2,0.8,1.6,4.8
50,Khem Birch,C,26,ORL,50,12.9,1.8,3.0,.603,0.0,0.0,.000,1.8,3.0,.607,.603,1.2,.699,3.8,0.8,0.4,0.6,0.4,1.4,4.8
495,Moritz Wagner,C,21,LAL,43,10.4,1.7,4.0,.415,0.5,1.8,.286,1.1,2.2,.521,.480,1.0,.811,2.0,0.6,0.3,0.3,0.9,1.3,4.8
77,Troy Brown Jr.,SF,19,WAS,52,14.0,1.9,4.5,.415,0.4,1.3,.319,1.4,3.2,.455,.462,0.6,.681,2.8,1.5,0.4,0.1,0.6,1.1,4.8
339,Alfonzo McKinnie,SF,26,GSW,72,13.9,1.9,3.8,.487,0.6,1.6,.356,1.3,2.2,.586,.564,0.4,.563,3.4,0.4,0.3,0.2,0.4,1.9,4.7
88,Isaiah Canaan,PG,27,MIN,7,13.6,1.6,4.1,.379,1.0,2.7,.368,0.6,1.4,.400,.500,0.6,1.000,0.7,2.7,0.3,0.1,0.6,0.6,4.7
324,Thon Maker,C,21,MIL,35,11.7,1.7,3.8,.440,0.7,2.2,.333,0.9,1.6,.589,.537,0.6,.541,2.7,0.5,0.3,0.5,0.3,1.6,4.7
59,Jonah Bolden,PF,23,PHI,44,14.5,1.8,3.7,.494,0.8,2.2,.354,1.0,1.5,.697,.599,0.3,.481,3.8,0.9,0.4,0.9,0.8,2.3,4.7
193,Devonte' Graham,PG,23,CHO,46,14.7,1.6,4.7,.343,0.7,2.6,.281,0.9,2.1,.421,.421,0.8,.761,1.4,2.6,0.5,0.0,0.7,1.0,4.7
261,John Jenkins,SG,27,TOT,26,12.8,1.6,4.0,.400,0.8,2.2,.379,0.8,1.8,.426,.505,0.6,.833,1.4,0.8,0.0,0.1,0.3,0.4,4.7
469,Garrett Temple,SG,32,LAC,26,19.6,1.6,4.1,.396,0.6,2.1,.296,1.0,2.0,.500,.472,0.9,.742,2.5,1.4,1.0,0.2,0.6,2.7,4.7
297,Courtney Lee,SG,33,NYK,12,13.3,1.8,3.9,.447,0.4,1.3,.313,1.3,2.6,.516,.500,0.8,.643,2.3,1.3,0.7,0.2,0.4,1.1,4.7
446,Iman Shumpert,SG,28,HOU,20,19.1,1.7,4.9,.347,1.1,3.6,.296,0.7,1.4,.481,.454,0.1,.500,2.7,1.1,0.6,0.2,0.6,1.8,4.6
365,Johnathan Motley,PF,23,LAC,22,7.1,1.8,3.3,.534,0.0,0.1,.000,1.8,3.2,.557,.534,1.1,.600,2.3,0.5,0.2,0.1,0.7,1.2,4.6
316,Timothé Luwawu-Cabarrot,SF,23,TOT,50,13.4,1.6,4.4,.376,0.7,2.3,.310,0.9,2.0,.451,.459,0.6,.756,1.9,0.5,0.4,0.2,0.4,1.5,4.6
274,Jemerrio Jones,SF,23,LAL,6,23.8,2.0,5.5,.364,0.3,1.7,.200,1.7,3.8,.435,.394,0.2,.500,8.2,2.2,1.2,0.8,0.8,1.7,4.5
380,James Nunnally,SF,28,HOU,2,19.0,1.5,6.5,.231,1.5,6.0,.250,0.0,0.5,.000,.346,0.0,0,0.5,1.0,0.0,0.0,0.0,3.0,4.5
476,Lance Thomas,PF,30,NYK,46,17.0,1.7,4.3,.396,0.5,1.7,.278,1.2,2.6,.475,.452,0.6,.750,2.5,0.6,0.4,0.2,0.5,1.8,4.5
472,Emanuel Terry,PF,22,PHO,2,10.0,2.0,3.0,.667,0.0,0.0,0,2.0,3.0,.667,.667,0.5,.500,3.0,0.5,1.5,0.0,1.0,2.0,4.5
403,Theo Pinson,SG,23,BRK,18,11.7,1.4,4.1,.342,0.7,2.6,.261,0.7,1.5,.481,.425,1.1,.864,2.0,1.2,0.3,0.0,1.0,0.8,4.5
91,Jevon Carter,PG,23,MEM,39,14.8,1.4,4.7,.303,0.9,2.6,.333,0.6,2.1,.265,.395,0.7,.813,1.7,1.8,0.7,0.3,0.8,1.4,4.4
352,Shake Milton,SG,22,PHI,20,13.4,1.7,4.4,.391,0.7,2.2,.318,1.0,2.2,.465,.471,0.3,.714,1.8,0.9,0.4,0.4,0.3,1.5,4.4
405,Miles Plumlee,C,30,ATL,18,9.6,1.8,2.7,.667,0.0,0.0,0,1.8,2.7,.667,.667,0.9,.533,2.2,0.9,0.3,0.2,0.6,0.8,4.4
51,Bismack Biyombo,C,26,CHO,54,14.5,1.6,2.9,.571,0.0,0.0,0,1.6,2.9,.571,.571,1.1,.637,4.6,0.6,0.2,0.8,0.6,1.9,4.4
214,Andrew Harrison,PG,24,CLE,10,14.4,1.2,3.9,.308,0.3,1.4,.214,0.9,2.5,.360,.346,1.6,1.000,1.5,1.7,0.4,0.2,1.0,2.6,4.3
101,Wilson Chandler,SF,31,LAC,15,15.1,1.5,4.4,.348,0.9,2.7,.325,0.7,1.7,.385,.447,0.3,.714,3.1,0.7,0.2,0.2,0.5,1.9,4.3
229,Solomon Hill,SF,27,NOP,44,20.0,1.5,4.0,.382,0.7,2.3,.317,0.8,1.8,.468,.472,0.5,.719,3.0,1.3,0.5,0.2,0.7,1.8,4.3
94,Michael Carter-Williams,PG,27,HOU,16,9.1,1.6,3.8,.410,0.4,1.2,.368,1.1,2.6,.429,.467,0.8,.462,0.8,1.3,0.6,0.4,0.6,1.7,4.3
73,Bruce Brown,SG,22,DET,74,19.6,1.7,4.2,.398,0.3,1.3,.258,1.4,3.0,.457,.436,0.6,.750,2.5,1.2,0.5,0.5,0.6,2.4,4.3
165,Raymond Felton,PG,34,OKC,33,11.5,1.7,4.1,.407,0.6,1.8,.328,1.1,2.2,.473,.481,0.4,.923,1.0,1.6,0.3,0.2,0.4,0.9,4.3
196,Jerian Grant,PG,26,ORL,60,15.7,1.5,3.7,.418,0.7,1.8,.364,0.9,1.8,.473,.509,0.4,.650,1.6,2.6,0.7,0.1,0.9,1.3,4.2
426,Glenn Robinson III,SF,25,DET,47,13.0,1.6,3.7,.420,0.4,1.3,.290,1.2,2.4,.491,.472,0.7,.800,1.5,0.4,0.3,0.2,0.4,1.0,4.2
182,Pau Gasol,C,38,SAS,27,12.2,1.5,3.3,.466,0.2,0.4,.500,1.3,2.9,.462,.494,1.0,.711,4.7,1.9,0.2,0.5,0.5,1.0,4.2
136,Marcus Derrickson,PF,22,GSW,11,6.1,1.5,3.0,.485,0.9,1.8,.500,0.5,1.2,.462,.636,0.4,.800,1.2,0.1,0.0,0.1,0.3,0.8,4.2
55,Jaron Blossomgame,SF,25,CLE,27,16.3,1.7,3.9,.443,0.4,1.4,.256,1.4,2.5,.552,.491,0.4,.769,3.6,0.5,0.3,0.3,0.4,0.7,4.2
120,Mitch Creek,SF,26,TOT,5,9.6,1.6,3.2,.500,0.0,0.4,.000,1.6,2.8,.571,.500,1.0,.714,2.4,1.2,0.4,0.0,0.2,0.6,4.2
460,Ray Spalding,PF,21,PHO,13,11.3,1.9,3.6,.532,0.0,0.2,.000,1.9,3.4,.568,.532,0.3,.333,3.7,0.4,0.7,0.6,0.7,1.8,4.2
104,Marquese Chriss,PF,21,TOT,43,11.6,1.6,4.2,.372,0.4,1.7,.222,1.2,2.5,.472,.417,0.7,.711,3.3,0.5,0.4,0.3,0.8,1.9,4.2
65,Corey Brewer,SF,32,SAC,24,14.7,1.4,3.1,.446,0.4,1.3,.333,1.0,1.8,.523,.514,0.9,.733,2.5,1.2,0.8,0.2,0.5,2.0,4.1
323,Ian Mahinmi,C,32,WAS,34,14.6,1.4,3.1,.452,0.1,0.5,.188,1.3,2.6,.500,.466,1.2,.689,3.8,0.7,0.7,0.5,0.6,2.5,4.1
127,Deyonta Davis,C,22,ATL,9,13.1,1.7,2.4,.682,0.0,0.1,.000,1.7,2.3,.714,.682,0.7,.600,4.0,0.6,0.3,0.6,0.3,1.3,4.0
297,Courtney Lee,SG,33,TOT,34,12.6,1.6,3.8,.411,0.5,1.6,.291,1.1,2.2,.500,.473,0.4,.667,1.6,1.1,0.6,0.1,0.4,0.9,4.0
307,Shaun Livingston,PG,33,GSW,64,15.1,1.7,3.3,.519,0.0,0.0,.000,1.7,3.3,.524,.519,0.6,.784,1.8,1.8,0.5,0.4,0.6,1.2,4.0
457,Jason Smith,C,32,NOP,2,10.0,1.0,4.5,.222,1.0,3.5,.286,0.0,1.0,.000,.333,1.0,1.000,2.0,0.5,0.0,0.0,0.5,1.5,4.0
224,Isaiah Hicks,PF,24,NYK,3,10.7,1.3,2.7,.500,0.0,0.0,0,1.3,2.7,.500,.500,1.3,.800,2.3,0.7,0.3,1.0,0.3,1.7,4.0
375,Georges Niang,PF,25,UTA,59,8.7,1.5,3.1,.475,0.7,1.8,.410,0.7,1.3,.566,.594,0.3,.833,1.5,0.6,0.2,0.1,0.4,1.0,4.0
332,Tahjere McCall,SG,24,BRK,1,8.0,2.0,3.0,.667,0.0,1.0,.000,2.0,2.0,1.000,.667,0.0,.000,1.0,0.0,0.0,0.0,0.0,2.0,4.0
164,Cristiano Felício,C,26,CHI,60,12.4,1.6,3.0,.531,0.0,0.1,.000,1.6,2.9,.543,.531,0.8,.685,3.6,0.6,0.2,0.1,0.6,1.2,4.0
205,Dusty Hannahs,SG,25,MEM,2,13.0,1.5,6.0,.250,0.0,2.5,.000,1.5,3.5,.429,.250,1.0,1.000,0.5,2.5,0.5,0.0,0.5,0.5,4.0
69,Ryan Broekhoff,SG,28,DAL,42,10.8,1.4,3.0,.452,0.9,2.2,.409,0.5,0.8,.576,.603,0.4,.789,1.5,0.5,0.1,0.1,0.4,0.8,4.0
371,Abdel Nader,SF,25,OKC,61,11.4,1.5,3.5,.423,0.5,1.6,.320,1.0,1.9,.513,.498,0.4,.750,1.9,0.3,0.3,0.2,0.4,1.1,4.0
207,James Harden,PG,29,HOU,78,36.8,10.8,24.5,.442,4.8,13.2,.368,6.0,11.3,.528,.541,9.7,.879,6.6,7.5,2.0,0.7,5.0,3.1,36.1
340,Ben McLemore,SG,25,SAC,19,8.3,1.3,3.4,.391,0.9,2.2,.415,0.4,1.2,.348,.523,0.4,.667,0.9,0.2,0.3,0.2,0.3,1.2,3.9
264,Amir Johnson,C,31,PHI,51,10.4,1.5,3.1,.503,0.2,0.8,.300,1.3,2.3,.573,.541,0.6,.756,2.9,1.2,0.3,0.3,0.9,1.9,3.9
182,Pau Gasol,C,38,TOT,30,12.0,1.4,3.1,.447,0.2,0.4,.462,1.2,2.7,.444,.479,0.9,.700,4.6,1.7,0.2,0.5,0.5,1.0,3.9
343,Salah Mejri,C,32,DAL,36,11.1,1.5,3.1,.491,0.3,0.9,.324,1.2,2.2,.564,.540,0.6,.625,3.6,1.0,0.3,0.7,0.6,1.5,3.9
296,T.J. Leaf,PF,21,IND,58,9.0,1.7,3.2,.541,0.1,0.5,.258,1.6,2.6,.599,.563,0.3,.613,2.2,0.4,0.2,0.3,0.2,0.6,3.9
501,Brad Wanamaker,PG,29,BOS,36,9.5,1.4,2.9,.476,0.4,1.1,.410,0.9,1.8,.515,.552,0.7,.857,1.1,1.6,0.3,0.1,0.5,0.9,3.9
393,Zaza Pachulia,C,34,DET,68,12.9,1.3,2.8,.440,0.0,0.1,.000,1.3,2.8,.450,.440,1.4,.782,3.9,1.3,0.5,0.3,0.8,2.2,3.9
460,Ray Spalding,PF,21,TOT,14,10.6,1.8,3.4,.532,0.0,0.2,.000,1.8,3.1,.568,.532,0.3,.333,3.4,0.4,0.6,0.6,0.6,1.6,3.9
452,Anfernee Simons,SG,19,POR,20,7.1,1.4,3.2,.444,0.5,1.5,.345,0.9,1.7,.529,.524,0.5,.563,0.7,0.7,0.1,0.0,0.6,0.5,3.8
120,Mitch Creek,SF,26,BRK,4,9.0,1.3,2.5,.500,0.0,0.3,.000,1.3,2.3,.556,.500,1.3,.714,2.5,1.3,0.3,0.0,0.0,0.8,3.8
303,Jon Leuer,PF,29,DET,41,9.8,1.6,2.8,.584,0.0,0.3,.091,1.6,2.5,.637,.588,0.6,.742,2.4,0.3,0.3,0.1,0.6,1.5,3.8
442,Thabo Sefolosha,SF,34,UTA,50,12.2,1.4,3.0,.477,0.7,1.6,.436,0.7,1.4,.521,.591,0.3,.636,2.5,0.5,0.9,0.1,0.5,0.8,3.8
289,Kosta Koufos,C,29,SAC,42,12.0,1.7,3.6,.477,0.0,0.0,0,1.7,3.6,.477,.477,0.2,.417,4.2,0.9,0.4,0.4,0.6,1.6,3.7
402,Gary Payton II,PG,26,WAS,3,5.3,1.7,2.7,.625,0.3,0.7,.500,1.3,2.0,.667,.688,0.0,0,0.7,1.3,1.0,0.3,0.3,0.7,3.7
16,Ryan Anderson,PF,30,PHO,15,18.5,1.3,4.0,.317,0.5,2.3,.206,0.8,1.7,.462,.375,0.7,.786,3.0,1.1,0.2,0.1,0.8,1.5,3.7
138,Hamidou Diallo,SG,20,OKC,51,10.3,1.5,3.2,.455,0.1,0.5,.167,1.4,2.8,.504,.467,0.7,.610,1.9,0.3,0.4,0.2,0.5,1.5,3.7
100,Tyson Chandler,C,36,PHO,7,12.7,1.1,1.7,.667,0.0,0.0,0,1.1,1.7,.667,.667,1.4,.556,5.6,0.9,0.3,0.1,1.0,3.0,3.7
14,Justin Anderson,SF,25,ATL,48,9.6,1.3,3.3,.408,0.5,1.6,.312,0.8,1.7,.500,.484,0.5,.743,1.8,0.5,0.5,0.3,0.5,1.0,3.7
457,Jason Smith,C,32,WAS,12,10.8,1.3,3.1,.405,0.3,0.8,.400,0.9,2.3,.407,.459,0.8,.833,3.1,1.0,0.1,0.4,0.6,1.8,3.7
9,Rawle Alkins,SG,21,CHI,10,12.0,1.3,3.9,.333,0.3,1.2,.250,1.0,2.7,.370,.372,0.8,.667,2.6,1.3,0.1,0.0,0.8,0.7,3.7
269,Wesley Johnson,SF,31,NOP,26,14.5,1.3,3.4,.398,0.7,1.9,.380,0.6,1.5,.421,.506,0.2,.667,2.1,0.6,0.5,0.3,0.5,1.7,3.7
253,Demetrius Jackson,PG,24,PHI,6,6.5,1.3,2.5,.533,0.3,1.0,.333,1.0,1.5,.667,.600,0.7,1.000,0.5,0.8,0.3,0.0,0.2,0.7,3.7
174,Jimmer Fredette,SG,29,PHO,6,10.8,1.3,4.8,.276,0.0,2.2,.000,1.3,2.7,.500,.276,1.0,1.000,1.2,1.3,0.5,0.0,0.8,0.8,3.7
397,Patrick Patterson,PF,29,OKC,63,13.7,1.3,3.5,.374,0.7,2.2,.336,0.6,1.3,.439,.479,0.3,.633,2.3,0.5,0.3,0.2,0.3,0.7,3.6
227,Nenê,C,36,HOU,42,13.0,1.4,2.8,.517,0.0,0.1,.000,1.4,2.7,.531,.517,0.7,.660,2.9,0.6,0.4,0.4,0.3,2.1,3.6
297,Courtney Lee,SG,33,DAL,22,12.2,1.5,3.7,.390,0.5,1.8,.282,1.0,2.0,.488,.457,0.2,.714,1.2,1.0,0.6,0.0,0.4,0.9,3.6
176,Channing Frye,C,35,CLE,36,9.5,1.2,3.3,.368,0.9,2.2,.405,0.3,1.1,.289,.504,0.3,.786,1.4,0.6,0.2,0.1,0.4,1.2,3.6
321,Daryl Macon,SG,23,DAL,8,11.3,1.3,3.4,.370,0.6,1.4,.455,0.6,2.0,.313,.463,0.5,.571,1.5,0.9,0.1,0.0,0.8,1.0,3.6
511,Alan Williams,PF,26,BRK,5,5.2,1.6,2.6,.615,0.0,0.2,.000,1.6,2.4,.667,.615,0.4,.500,3.8,0.6,0.2,0.0,0.2,0.4,3.6
384,Kyle O'Quinn,C,28,IND,45,8.2,1.5,3.0,.507,0.0,0.3,.083,1.5,2.8,.548,.511,0.4,.810,2.6,1.2,0.2,0.6,0.7,1.5,3.5
349,Malcolm Miller,SF,25,TOR,10,6.7,1.1,2.6,.423,1.0,2.1,.476,0.1,0.5,.200,.615,0.3,.750,0.5,0.1,0.1,0.1,0.1,0.5,3.5
265,B.J. Johnson,SF,23,ATL,6,7.2,1.3,2.7,.500,0.5,1.0,.500,0.8,1.7,.500,.594,0.3,1.000,1.3,0.0,0.3,0.0,0.3,0.5,3.5
500,Tyrone Wallace,PG,24,LAC,62,10.1,1.5,3.5,.424,0.1,0.3,.211,1.4,3.2,.444,.433,0.5,.526,1.6,0.7,0.3,0.1,0.6,1.3,3.5
58,Andrew Bogut,C,34,GSW,11,12.2,1.6,3.3,.500,0.0,0.0,0,1.6,3.3,.500,.500,0.3,1.000,5.0,1.0,0.3,0.7,0.7,2.0,3.5
68,Isaiah Briscoe,PG,22,ORL,39,14.3,1.4,3.5,.399,0.3,0.9,.324,1.1,2.7,.423,.438,0.4,.577,1.9,2.2,0.3,0.1,0.8,1.7,3.5
292,Skal Labissière,PF,22,POR,9,7.0,1.4,2.1,.684,0.2,0.2,1.000,1.2,1.9,.647,.737,0.3,.500,2.1,0.6,0.3,0.3,0.4,0.9,3.4
269,Wesley Johnson,SF,31,TOT,38,14.1,1.2,3.4,.352,0.7,2.0,.329,0.5,1.4,.385,.449,0.3,.684,1.9,0.6,0.4,0.3,0.5,1.7,3.4
427,Jerome Robinson,SG,21,LAC,33,9.7,1.3,3.3,.400,0.5,1.7,.316,0.8,1.6,.491,.482,0.2,.667,1.2,0.6,0.3,0.1,0.4,1.4,3.4
472,Emanuel Terry,PF,22,TOT,3,7.7,1.3,2.3,.571,0.0,0.0,0,1.3,2.3,.571,.571,0.7,.500,2.3,0.7,1.0,0.0,0.7,1.3,3.3
143,Tyler Dorsey,SG,22,ATL,27,9.3,1.2,3.3,.360,0.4,1.4,.256,0.8,1.9,.440,.416,0.6,.615,1.6,0.6,0.3,0.0,0.4,0.7,3.3
62,Chris Boucher,PF,26,TOR,28,5.8,1.2,2.7,.447,0.4,1.3,.324,0.8,1.4,.564,.526,0.5,.867,2.0,0.1,0.2,0.9,0.3,1.1,3.3
425,Duncan Robinson,SF,24,MIA,15,10.7,1.2,3.1,.391,0.7,2.3,.286,0.5,0.7,.727,.500,0.3,.667,1.3,0.3,0.3,0.0,0.3,0.7,3.3
370,Svi Mykhailiuk,SF,21,LAL,39,10.8,1.1,3.4,.333,0.7,2.2,.318,0.4,1.2,.362,.436,0.3,.600,0.9,0.8,0.3,0.0,0.5,0.6,3.3
385,Semi Ojeleye,PF,24,BOS,56,10.6,1.2,2.8,.424,0.5,1.6,.315,0.7,1.2,.565,.513,0.4,.615,1.5,0.4,0.2,0.1,0.3,0.8,3.3
265,B.J. Johnson,SF,23,TOT,7,7.0,1.3,2.6,.500,0.4,1.0,.429,0.9,1.6,.545,.583,0.3,1.000,1.1,0.0,0.3,0.0,0.3,0.6,3.3
44,Jordan Bell,C,24,GSW,68,11.6,1.5,2.8,.516,0.0,0.0,.000,1.5,2.8,.521,.516,0.4,.610,2.7,1.1,0.3,0.8,0.6,1.2,3.3
457,Jason Smith,C-PF,32,TOT,20,9.5,1.1,3.0,.356,0.5,1.3,.346,0.6,1.7,.364,.432,0.7,.875,2.6,0.7,0.2,0.4,0.7,1.5,3.3
370,Svi Mykhailiuk,SF,21,TOT,42,10.5,1.1,3.3,.329,0.7,2.1,.326,0.4,1.2,.333,.432,0.3,.600,0.9,0.9,0.3,0.0,0.5,0.6,3.2
3,Jaylen Adams,PG,22,ATL,34,12.6,1.1,3.2,.345,0.7,2.2,.338,0.4,1.1,.361,.459,0.2,.778,1.8,1.9,0.4,0.1,0.8,1.3,3.2
470,Miloš Teodosić,PG,31,LAC,15,10.0,1.1,2.7,.425,0.7,1.8,.370,0.5,0.9,.538,.550,0.3,.571,1.1,2.1,0.2,0.1,1.4,1.8,3.2
145,PJ Dozier,SG,22,BOS,6,8.5,1.3,3.5,.381,0.3,1.3,.250,1.0,2.2,.462,.429,0.2,.500,2.8,0.8,0.3,0.0,0.0,0.3,3.2
214,Andrew Harrison,PG,24,TOT,17,11.0,0.9,3.1,.302,0.3,1.5,.200,0.6,1.6,.393,.349,1.0,.944,1.2,1.4,0.2,0.1,0.7,2.0,3.2
100,Tyson Chandler,C,36,LAL,48,16.4,1.1,1.8,.609,0.0,0.0,.000,1.1,1.8,.616,.609,0.9,.594,5.6,0.6,0.4,0.5,0.7,1.9,3.1
100,Tyson Chandler,C,36,TOT,55,15.9,1.1,1.8,.616,0.0,0.0,.000,1.1,1.8,.622,.616,0.9,.586,5.6,0.7,0.4,0.4,0.8,2.0,3.1
322,J.P. Macura,SG,23,CHO,2,8.5,1.5,4.5,.333,0.0,2.0,.000,1.5,2.5,.600,.333,0.0,0,1.5,1.0,0.0,0.0,0.0,0.0,3.0
204,Daniel Hamilton,SG,23,ATL,19,10.7,1.2,3.2,.383,0.4,1.2,.348,0.8,1.9,.405,.450,0.2,.500,2.5,1.2,0.3,0.1,0.8,1.0,3.0
284,Brandon Knight,PG,27,HOU,12,9.8,0.9,3.9,.234,0.4,2.7,.156,0.5,1.3,.400,.287,0.8,.818,0.8,0.8,0.2,0.0,0.4,1.2,3.0
357,Greg Monroe,C,28,BOS,2,2.5,1.5,2.5,.600,0.0,0.0,0,1.5,2.5,.600,.600,0.0,0,1.5,0.5,0.0,0.0,0.0,0.0,3.0
241,Isaac Humphries,C,21,ATL,5,11.2,1.2,4.2,.286,0.6,2.2,.273,0.6,2.0,.300,.357,0.0,0,2.2,0.0,0.2,0.0,0.0,1.4,3.0
122,Dante Cunningham,PF,31,SAS,64,14.5,1.2,2.5,.475,0.5,1.0,.462,0.7,1.5,.484,.570,0.2,.778,2.9,0.8,0.4,0.2,0.3,1.1,3.0
292,Skal Labissière,PF,22,TOT,22,8.0,1.2,2.2,.531,0.3,0.6,.462,0.9,1.6,.556,.592,0.4,.529,2.0,0.5,0.2,0.3,0.5,1.3,3.0
448,Jordan Sibert,SG,26,ATL,1,4.0,1.0,1.0,1.000,1.0,1.0,1.000,0.0,0.0,0,1.500,0.0,0,0.0,0.0,0.0,0.0,0.0,0.0,3.0
184,Paul George,SF,28,OKC,77,36.9,9.2,21.0,.438,3.8,9.8,.386,5.4,11.1,.484,.529,5.9,.839,8.2,4.1,2.2,0.4,2.7,2.8,28.0
18,Giannis Antetokounmpo,PF,24,MIL,72,32.8,10.0,17.3,.578,0.7,2.8,.256,9.3,14.5,.641,.599,6.9,.729,12.5,5.9,1.3,1.5,3.7,3.2,27.7
155,Joel Embiid,C,24,PHI,64,33.7,9.1,18.7,.484,1.2,4.1,.300,7.8,14.6,.535,.517,8.2,.804,13.6,3.7,0.7,1.9,3.5,3.3,27.5
259,LeBron James,SF,34,LAL,55,35.2,10.1,19.9,.510,2.0,5.9,.339,8.1,14.0,.582,.560,5.1,.665,8.5,8.3,1.3,0.6,3.6,1.7,27.4
124,Stephen Curry,PG,30,GSW,69,33.8,9.2,19.4,.472,5.1,11.7,.437,4.0,7.7,.525,.604,3.8,.916,5.3,5.2,1.3,0.4,2.8,2.4,27.3
61,Devin Booker,SG,22,PHO,64,35.0,9.2,19.6,.467,2.1,6.5,.326,7.0,13.1,.536,.521,6.1,.866,4.1,6.8,0.9,0.2,4.1,3.1,26.6
301,Kawhi Leonard,SF,27,TOR,60,34.0,9.3,18.8,.496,1.9,5.0,.371,7.5,13.8,.542,.546,6.1,.854,7.3,3.3,1.8,0.4,2.0,1.5,26.6
150,Kevin Durant,SF,30,GSW,78,34.6,9.2,17.7,.521,1.8,5.0,.353,7.5,12.8,.587,.571,5.7,.885,6.4,5.9,0.7,1.1,2.9,2.0,26.0
126,Anthony Davis,C,25,NOP,56,33.0,9.5,18.3,.517,0.9,2.6,.331,8.6,15.7,.547,.540,6.1,.794,12.0,3.9,1.6,2.4,2.0,2.4,25.9
305,Damian Lillard,PG,28,POR,80,35.5,8.5,19.2,.444,3.0,8.0,.369,5.6,11.1,.499,.522,5.9,.912,4.6,6.9,1.1,0.4,2.7,1.9,25.8
497,Kemba Walker,PG,28,CHO,82,34.9,8.9,20.5,.434,3.2,8.9,.356,5.7,11.6,.494,.511,4.6,.844,4.4,5.9,1.2,0.4,2.6,1.6,25.6
40,Bradley Beal,SG,25,WAS,82,36.9,9.3,19.6,.475,2.5,7.3,.351,6.8,12.4,.548,.540,4.4,.808,5.0,5.5,1.5,0.7,2.7,2.8,25.6
203,Blake Griffin,PF,29,DET,75,35.0,8.3,17.9,.462,2.5,7.0,.362,5.7,10.9,.525,.532,5.5,.753,7.5,5.4,0.7,0.4,3.4,2.7,24.5
481,Karl-Anthony Towns,C,23,MIN,77,33.1,8.8,17.1,.518,1.8,4.6,.400,7.0,12.5,.562,.572,4.9,.836,12.4,3.4,0.9,1.6,3.1,3.8,24.4
250,Kyrie Irving,PG,26,BOS,67,33.0,9.0,18.5,.487,2.6,6.5,.401,6.4,12.0,.533,.557,3.2,.873,5.0,6.9,1.5,0.5,2.6,2.5,23.8
354,Donovan Mitchell,SG,22,UTA,77,33.7,8.6,19.9,.432,2.4,6.7,.362,6.1,13.1,.468,.493,4.1,.806,4.1,4.2,1.4,0.4,2.8,2.7,23.8
294,Zach LaVine,SG,23,CHI,63,34.5,8.4,18.0,.467,1.9,5.1,.374,6.5,12.9,.504,.520,5.0,.832,4.7,4.5,1.0,0.4,3.4,2.2,23.7
506,Russell Westbrook,PG,30,OKC,73,36.0,8.6,20.2,.428,1.6,5.6,.290,7.0,14.5,.481,.468,4.1,.656,11.1,10.7,1.9,0.5,4.5,3.4,22.9
477,Klay Thompson,SG,28,GSW,78,34.0,8.4,18.0,.467,3.1,7.7,.402,5.3,10.3,.516,.553,1.7,.816,3.8,2.4,1.1,0.6,1.5,2.0,21.5
417,Julius Randle,PF,24,NOP,73,30.6,7.8,14.9,.524,0.9,2.7,.344,6.9,12.2,.564,.555,4.9,.731,8.7,3.1,0.7,0.6,2.8,3.4,21.4
8,LaMarcus Aldridge,C,33,SAS,81,33.2,8.4,16.3,.519,0.1,0.5,.238,8.3,15.8,.528,.522,4.3,.847,9.2,2.4,0.5,1.3,1.8,2.2,21.3
84,Jimmy Butler,SG,29,MIN,10,36.1,7.4,15.7,.471,1.7,4.5,.378,5.7,11.2,.509,.525,4.8,.787,5.2,4.3,2.4,1.0,1.4,1.8,21.3
142,Luka Dončić,SG,19,DAL,72,32.2,7.0,16.5,.427,2.3,7.1,.327,4.7,9.3,.503,.497,4.8,.713,7.8,6.0,1.1,0.3,3.4,1.9,21.2
135,DeMar DeRozan,SG,29,SAS,77,34.9,8.2,17.1,.481,0.1,0.6,.156,8.1,16.5,.492,.483,4.8,.830,6.0,6.2,1.1,0.5,2.6,2.3,21.2
231,Jrue Holiday,SG,28,NOP,67,35.9,8.2,17.3,.472,1.8,5.4,.325,6.4,11.9,.539,.523,3.1,.768,5.0,7.7,1.6,0.8,3.1,2.2,21.2
112,Mike Conley,PG,31,MEM,70,33.5,7.0,16.0,.438,2.2,6.1,.364,4.8,9.9,.483,.507,4.9,.845,3.4,6.4,1.3,0.3,1.9,1.8,21.1
434,D'Angelo Russell,PG,22,BRK,81,30.2,8.1,18.7,.434,2.9,7.8,.369,5.2,10.9,.482,.512,2.0,.780,3.9,7.0,1.2,0.2,3.1,1.7,21.1
334,CJ McCollum,SG,27,POR,70,33.9,8.2,17.8,.459,2.4,6.4,.375,5.8,11.4,.506,.527,2.3,.828,4.0,3.0,0.8,0.4,1.5,2.5,21.0
213,Tobias Harris,PF,26,LAC,55,34.6,7.7,15.5,.496,2.0,4.7,.434,5.7,10.9,.523,.561,3.5,.877,7.9,2.7,0.7,0.4,2.0,2.2,20.9
493,Nikola Vučević,C,28,ORL,80,31.4,8.8,16.9,.518,1.1,2.9,.364,7.7,14.0,.549,.549,2.2,.789,12.0,3.8,1.0,1.1,2.0,2.0,20.8
225,Buddy Hield,SG,26,SAC,82,31.9,7.6,16.6,.458,3.4,7.9,.427,4.2,8.6,.487,.560,2.1,.886,5.0,2.5,0.7,0.4,1.8,2.5,20.7
499,John Wall,PG,28,WAS,32,34.5,7.7,17.3,.444,1.6,5.3,.302,6.1,12.0,.507,.490,3.8,.697,3.6,8.7,1.5,0.9,3.8,2.2,20.7
270,Nikola Jokić,C,23,DEN,80,31.3,7.7,15.1,.511,1.0,3.4,.307,6.7,11.7,.569,.545,3.6,.821,10.8,7.3,1.4,0.7,3.1,2.9,20.1
515,Lou Williams,SG,32,LAC,75,26.6,6.5,15.2,.425,1.4,3.9,.361,5.1,11.3,.447,.471,5.7,.876,3.0,5.4,0.8,0.1,2.4,1.1,20.0
437,JaKarr Sampson,SF,25,CHI,4,31.8,7.3,13.5,.537,1.3,3.5,.357,6.0,10.0,.600,.583,4.3,.810,8.0,1.0,1.0,0.8,1.0,2.0,20.0
213,Tobias Harris,PF,26,TOT,82,34.7,7.5,15.3,.487,1.9,4.8,.397,5.5,10.5,.528,.549,3.2,.866,7.9,2.8,0.6,0.5,1.8,2.2,20.0
465,Edmond Sumner,PG,23,IND,23,9.1,1.0,2.8,.344,0.3,1.2,.259,0.7,1.6,.405,.398,0.7,.625,1.0,0.4,0.5,0.2,0.4,1.1,2.9
105,Gary Clark,PF,24,HOU,51,12.6,1.0,3.0,.331,0.8,2.7,.297,0.2,0.3,.692,.467,0.1,1.000,2.3,0.4,0.4,0.5,0.1,0.9,2.9
521,Christian Wood,PF,23,MIL,13,4.8,0.9,1.9,.480,0.2,0.4,.600,0.7,1.5,.450,.540,0.8,.667,1.5,0.2,0.0,0.0,0.2,0.2,2.8
47,Dairis Bertāns,SG,29,NOP,12,13.9,1.0,3.9,.255,0.8,2.8,.294,0.2,1.1,.154,.362,0.0,0,0.8,0.8,0.1,0.0,0.2,0.6,2.8
269,Wesley Johnson,SF,31,WAS,12,13.1,0.8,3.3,.250,0.5,2.2,.231,0.3,1.2,.286,.325,0.6,.700,1.5,0.6,0.2,0.4,0.5,1.5,2.8
292,Skal Labissière,PF,22,SAC,13,8.7,1.0,2.3,.433,0.3,0.8,.364,0.7,1.5,.474,.500,0.5,.545,1.8,0.5,0.2,0.2,0.5,1.6,2.8
482,Gary Trent Jr.,SG,20,POR,15,7.4,1.1,3.3,.320,0.3,1.4,.238,0.7,1.9,.379,.370,0.2,.429,0.7,0.3,0.1,0.1,0.3,0.3,2.7
327,Jarell Martin,PF,24,ORL,42,7.8,1.0,2.5,.413,0.5,1.4,.351,0.5,1.1,.489,.510,0.2,.818,1.7,0.4,0.1,0.2,0.3,1.2,2.7
333,Patrick McCaw,SG,23,TOR,26,13.2,0.9,2.1,.444,0.3,0.9,.333,0.6,1.2,.533,.519,0.5,.867,1.7,1.0,0.8,0.1,0.5,1.4,2.7
466,Caleb Swanigan,PF,21,SAC,3,11.0,1.3,3.0,.444,0.0,0.7,.000,1.3,2.3,.571,.444,0.0,.000,4.0,1.3,0.7,0.3,0.7,2.0,2.7
498,Lonnie Walker IV,SG,20,SAS,17,6.9,0.9,2.7,.348,0.3,0.8,.385,0.6,1.9,.333,.402,0.5,.800,1.0,0.5,0.4,0.2,0.2,0.4,2.6
504,Yuta Watanabe,SF,24,MEM,15,11.6,1.0,3.4,.294,0.1,1.1,.125,0.9,2.3,.371,.314,0.5,.700,2.1,0.5,0.3,0.1,0.4,0.7,2.6
83,Deonte Burton,SG,25,OKC,32,7.5,1.0,2.6,.402,0.3,0.8,.296,0.8,1.7,.455,.451,0.3,.667,0.9,0.3,0.2,0.3,0.3,1.0,2.6
333,Patrick McCaw,SG,23,TOT,29,13.7,0.9,2.2,.413,0.3,1.0,.321,0.6,1.2,.486,.484,0.4,.867,1.7,1.0,0.8,0.1,0.6,1.3,2.6
512,C.J. Williams,SG,28,MIN,15,8.5,1.1,2.3,.486,0.3,1.1,.313,0.8,1.3,.632,.557,0.0,.000,0.5,0.8,0.4,0.0,0.3,1.1,2.6
218,Udonis Haslem,C,38,MIA,10,7.4,1.1,3.3,.333,0.0,1.2,.000,1.1,2.1,.524,.333,0.3,.750,2.7,0.2,0.0,0.0,0.3,0.9,2.5
360,Jaylen Morris,SG,23,MIL,4,7.3,1.0,2.5,.400,0.3,0.8,.333,0.8,1.8,.429,.450,0.3,.500,1.3,1.0,0.5,0.0,0.3,0.3,2.5
98,Troy Caupain,PG,23,ORL,4,4.0,1.0,2.0,.500,0.5,0.8,.667,0.5,1.3,.400,.625,0.0,0,0.8,1.0,0.3,0.0,0.0,0.0,2.5
319,Scott Machado,PG,28,LAL,4,4.8,1.0,1.5,.667,0.3,0.3,1.000,0.8,1.3,.600,.750,0.3,1.000,0.0,0.8,0.3,0.0,0.0,0.5,2.5
16,Ryan Anderson,PF,30,TOT,25,12.9,0.8,2.8,.304,0.4,1.6,.225,0.5,1.2,.414,.370,0.5,.750,2.2,0.8,0.2,0.0,0.6,1.0,2.5
517,Robert Williams,C,21,BOS,32,8.8,1.1,1.6,.706,0.0,0.0,0,1.1,1.6,.706,.706,0.3,.600,2.5,0.2,0.3,1.3,0.3,1.1,2.5
380,James Nunnally,SF,28,TOT,15,6.8,0.8,2.3,.353,0.5,1.7,.320,0.3,0.6,.444,.471,0.3,1.000,0.3,0.5,0.1,0.0,0.1,0.7,2.4
314,Jordan Loyd,PG,25,TOR,12,4.6,0.7,1.5,.444,0.3,0.7,.500,0.3,0.8,.400,.556,0.8,.818,0.8,0.5,0.0,0.0,0.2,0.4,2.4
260,Amile Jefferson,PF,25,ORL,12,5.7,0.8,1.3,.625,0.0,0.0,0,0.8,1.3,.625,.625,0.6,.875,1.8,0.3,0.3,0.3,0.1,0.7,2.3
475,Khyri Thomas,SG,22,DET,26,7.5,0.8,2.7,.319,0.4,1.3,.286,0.5,1.3,.353,.391,0.3,.636,0.8,0.3,0.3,0.2,0.2,0.8,2.3
320,Shelvin Mack,PG,28,CHO,4,10.5,0.5,3.5,.143,0.0,0.5,.000,0.5,3.0,.167,.143,1.3,.556,0.5,0.3,0.5,0.0,1.0,0.8,2.3
524,Nick Young,SG,33,DEN,4,9.3,0.8,2.3,.333,0.8,2.0,.375,0.0,0.3,.000,.500,0.0,0,0.3,0.5,0.0,0.3,0.5,1.0,2.3
523,Guerschon Yabusele,PF,23,BOS,41,6.1,0.9,1.9,.455,0.2,0.7,.321,0.6,1.2,.531,.513,0.4,.682,1.3,0.4,0.2,0.2,0.4,0.8,2.3
86,José Calderón,PG,37,DET,49,12.9,0.9,2.4,.375,0.3,1.2,.246,0.6,1.3,.492,.433,0.2,.818,1.2,2.3,0.3,0.1,0.7,1.3,2.3
487,Ekpe Udoh,C,31,UTA,51,6.3,1.0,1.4,.694,0.0,0.0,0,1.0,1.4,.694,.694,0.4,.633,1.8,0.5,0.2,0.6,0.3,0.7,2.3
503,Julian Washburn,SF,27,MEM,18,14.1,0.9,2.7,.333,0.3,1.3,.208,0.6,1.3,.458,.385,0.2,.750,2.3,0.8,0.7,0.1,0.4,0.9,2.2
471,Jared Terrell,SG,23,MIN,14,7.9,0.9,2.8,.308,0.3,1.2,.235,0.6,1.6,.364,.359,0.2,.500,0.4,0.9,0.2,0.1,0.7,1.1,2.2
457,Jason Smith,PF,32,MIL,6,6.7,0.7,2.2,.308,0.5,1.5,.333,0.2,0.7,.250,.423,0.3,1.000,1.8,0.2,0.3,0.3,0.8,1.0,2.2
75,Lorenzo Brown,PG,28,TOR,26,8.2,0.9,2.7,.324,0.2,1.1,.214,0.7,1.7,.395,.366,0.1,1.000,1.2,1.1,0.5,0.2,0.6,0.8,2.1
368,Džanan Musa,SG,19,BRK,9,4.3,1.0,2.4,.409,0.1,1.1,.100,0.9,1.3,.667,.432,0.0,.000,0.6,0.2,0.2,0.0,0.4,0.1,2.1
380,James Nunnally,SF,28,MIN,13,4.9,0.7,1.6,.429,0.4,1.0,.385,0.3,0.6,.500,.548,0.3,1.000,0.3,0.4,0.1,0.0,0.1,0.3,2.1
466,Caleb Swanigan,PF,21,TOT,21,8.5,0.9,2.5,.340,0.0,0.3,.143,0.8,2.2,.370,.349,0.3,.667,3.0,0.5,0.3,0.0,0.9,1.3,2.0
463,D.J. Stephens,SG,28,MEM,1,7.0,1.0,2.0,.500,0.0,0.0,0,1.0,2.0,.500,.500,0.0,0,0.0,0.0,1.0,0.0,1.0,0.0,2.0
370,Svi Mykhailiuk,SF,21,DET,3,6.7,0.7,2.7,.250,0.7,1.3,.500,0.0,1.3,.000,.375,0.0,0,0.7,1.3,0.3,0.0,0.3,0.0,2.0
315,Kalin Lucas,PG,29,DET,1,6.0,0.0,1.0,.000,0.0,1.0,.000,0.0,0.0,0,.000,2.0,1.000,3.0,1.0,0.0,0.0,0.0,1.0,2.0
364,Donatas Motiejūnas,PF,28,SAS,3,4.3,1.0,2.0,.500,0.0,0.0,0,1.0,2.0,.500,.500,0.0,.000,1.0,0.3,0.0,0.3,1.0,2.0,2.0
102,Joe Chealey,PG,23,CHO,1,8.0,1.0,3.0,.333,0.0,0.0,0,1.0,3.0,.333,.333,0.0,0,0.0,1.0,0.0,0.0,0.0,1.0,2.0
265,B.J. Johnson,SF,23,SAC,1,6.0,1.0,2.0,.500,0.0,1.0,.000,1.0,1.0,1.000,.500,0.0,0,0.0,0.0,0.0,0.0,0.0,1.0,2.0
414,Zhou Qi,PF,23,HOU,1,1.0,1.0,1.0,1.000,0.0,0.0,0,1.0,1.0,1.000,1.000,0.0,0,0.0,0.0,0.0,0.0,0.0,0.0,2.0
214,Andrew Harrison,PG,24,MEM,1,5.0,1.0,2.0,.500,0.0,1.0,.000,1.0,1.0,1.000,.500,0.0,0,0.0,0.0,0.0,0.0,0.0,1.0,2.0
489,Jonas Valančiūnas,C,26,MEM,19,27.7,8.0,14.7,.545,0.3,0.9,.278,7.7,13.7,.563,.554,3.7,.769,10.7,2.2,0.3,1.6,2.7,3.4,19.9
178,Danilo Gallinari,SF,30,LAC,68,30.3,6.0,13.0,.463,2.4,5.5,.433,3.6,7.5,.484,.554,5.4,.904,6.1,2.6,0.7,0.3,1.5,1.9,19.8
108,John Collins,PF,21,ATL,61,30.0,7.6,13.6,.560,0.9,2.6,.348,6.7,11.0,.609,.593,3.3,.763,9.8,2.0,0.4,0.6,2.0,3.3,19.5
206,Tim Hardaway Jr.,SG,26,NYK,46,32.6,6.1,15.8,.388,2.5,7.3,.347,3.6,8.5,.424,.469,4.3,.854,3.5,2.7,0.9,0.1,1.8,2.3,19.1
526,Trae Young,PG,20,ATL,81,30.9,6.5,15.5,.418,1.9,6.0,.324,4.6,9.6,.477,.480,4.2,.829,3.7,8.1,0.9,0.2,3.8,1.7,19.1
389,Victor Oladipo,SG,26,IND,36,31.9,6.9,16.3,.423,2.1,6.0,.343,4.9,10.3,.470,.486,2.9,.730,5.6,5.2,1.7,0.3,2.3,2.0,18.8
84,Jimmy Butler,SF-SG,29,TOT,65,33.6,6.4,13.9,.462,1.0,3.0,.347,5.4,10.9,.494,.499,4.8,.855,5.3,4.0,1.9,0.6,1.5,1.7,18.7
326,Lauri Markkanen,PF,21,CHI,52,32.3,6.6,15.3,.430,2.3,6.4,.361,4.3,8.9,.479,.506,3.3,.872,9.0,1.4,0.7,0.6,1.6,2.3,18.7
291,Kyle Kuzma,PF,23,LAL,70,33.1,7.1,15.5,.456,1.8,6.0,.303,5.3,9.5,.553,.515,2.7,.752,5.5,2.5,0.6,0.4,1.9,2.4,18.7
346,Khris Middleton,SF,27,MIL,77,31.1,6.6,14.9,.441,2.3,6.2,.378,4.2,8.8,.485,.519,2.8,.837,6.0,4.3,1.0,0.1,2.3,2.2,18.3
249,Brandon Ingram,SF,21,LAL,52,33.8,7.0,14.0,.497,0.6,1.8,.330,6.4,12.2,.521,.518,3.8,.675,5.1,3.0,0.5,0.6,2.5,2.9,18.3
213,Tobias Harris,PF,26,PHI,27,35.0,6.9,14.8,.469,1.6,5.0,.326,5.3,9.8,.542,.524,2.7,.841,7.9,2.9,0.4,0.5,1.6,2.3,18.2
84,Jimmy Butler,SF,29,PHI,55,33.2,6.3,13.6,.461,0.9,2.7,.338,5.3,10.9,.491,.494,4.8,.868,5.3,4.0,1.8,0.5,1.5,1.7,18.2
367,Jamal Murray,PG,21,DEN,75,32.6,6.8,15.6,.437,2.0,5.5,.367,4.8,10.1,.476,.502,2.5,.848,4.2,4.8,0.9,0.4,2.1,2.0,18.2
510,Andrew Wiggins,SF,23,MIN,73,34.8,6.8,16.6,.412,1.6,4.8,.339,5.2,11.8,.441,.461,2.8,.699,4.8,2.5,1.0,0.7,1.9,2.1,18.1
206,Tim Hardaway Jr.,SG,26,TOT,65,31.6,6.0,15.3,.393,2.5,7.3,.340,3.5,7.9,.442,.474,3.6,.841,3.4,2.4,0.8,0.1,1.6,2.2,18.1
418,J.J. Redick,SG,34,PHI,76,31.3,5.9,13.5,.440,3.2,8.0,.397,2.8,5.6,.502,.557,3.0,.894,2.4,2.7,0.4,0.2,1.3,1.7,18.1
502,T.J. Warren,SF,25,PHO,43,31.6,6.9,14.2,.486,1.8,4.2,.428,5.1,10.0,.510,.549,2.3,.815,4.0,1.5,1.2,0.7,1.2,2.8,18.0
430,Derrick Rose,PG,30,MIN,51,27.3,7.1,14.8,.482,1.1,2.9,.370,6.1,11.9,.509,.518,2.7,.856,2.7,4.3,0.6,0.2,1.6,1.1,18.0
57,Bojan Bogdanović,SF,29,IND,81,31.8,6.4,13.0,.497,2.0,4.8,.425,4.4,8.2,.538,.575,3.0,.807,4.1,2.0,0.9,0.0,1.7,1.7,18.0
33,Harrison Barnes,PF,26,DAL,49,32.3,5.9,14.6,.404,2.5,6.3,.389,3.4,8.3,.416,.489,3.4,.833,4.2,1.3,0.7,0.2,1.4,1.6,17.7
408,Otto Porter Jr.,SF,25,CHI,15,32.8,6.5,13.4,.483,2.6,5.3,.488,3.9,8.1,.479,.580,1.9,.906,5.5,2.7,1.2,0.6,1.7,1.9,17.5
171,De'Aaron Fox,PG,21,SAC,81,31.4,6.2,13.6,.458,1.1,2.9,.371,5.2,10.7,.482,.497,3.7,.727,3.8,7.3,1.6,0.6,2.8,2.5,17.3
147,Andre Drummond,C,25,DET,79,33.5,7.1,13.3,.533,0.1,0.5,.132,7.0,12.8,.548,.536,3.1,.590,15.6,1.4,1.7,1.7,2.2,3.4,17.3
312,Kevin Love,PF,30,CLE,22,27.2,5.0,12.9,.385,2.4,6.7,.361,2.5,6.2,.412,.479,4.7,.904,10.9,2.2,0.3,0.2,1.9,2.5,17.0
242,R.J. Hunter,SG,25,BOS,1,26.0,6.0,13.0,.462,4.0,10.0,.400,2.0,3.0,.667,.615,1.0,.500,3.0,3.0,1.0,0.0,0.0,3.0,17.0
521,Christian Wood,PF,23,NOP,8,23.6,6.1,11.5,.533,0.8,2.6,.286,5.4,8.9,.606,.565,3.9,.756,7.9,0.8,0.9,1.3,1.8,1.8,16.9
449,Ben Simmons,PG,22,PHI,79,34.2,6.8,12.2,.563,0.0,0.1,.000,6.8,12.1,.566,.563,3.3,.600,8.8,7.7,1.4,0.8,3.5,2.6,16.9
447,Pascal Siakam,PF,24,TOR,80,31.9,6.5,11.8,.549,1.0,2.7,.369,5.5,9.1,.602,.591,3.0,.785,6.9,3.1,0.9,0.7,1.9,3.0,16.9
392,Kelly Oubre Jr.,SF,23,PHO,40,29.5,6.1,13.4,.453,1.7,5.2,.325,4.4,8.3,.532,.515,3.0,.761,4.9,1.6,1.4,1.0,1.8,2.8,16.9
107,Jordan Clarkson,SG,26,CLE,81,27.3,6.5,14.6,.448,1.8,5.5,.324,4.8,9.1,.524,.509,2.0,.844,3.3,2.4,0.7,0.2,1.7,1.4,16.8
140,Spencer Dinwiddie,PG,25,BRK,68,28.1,5.4,12.2,.442,1.8,5.4,.335,3.6,6.7,.528,.517,4.2,.806,2.4,4.6,0.6,0.3,2.2,2.8,16.8
353,Nikola Mirotić,PF,27,NOP,32,28.9,5.7,12.7,.447,2.7,7.2,.368,3.0,5.5,.551,.552,2.7,.842,8.3,1.1,0.7,0.8,1.2,2.7,16.7
444,Collin Sexton,PG,20,CLE,82,31.8,6.3,14.7,.430,1.5,3.6,.402,4.9,11.1,.440,.480,2.6,.839,2.9,3.0,0.5,0.1,2.3,2.3,16.7
421,Josh Richardson,SG,25,MIA,73,34.8,5.8,14.1,.412,2.2,6.3,.357,3.5,7.8,.458,.492,2.7,.861,3.6,4.1,1.1,0.5,1.5,2.7,16.6
209,Montrezl Harrell,C,25,LAC,82,26.3,6.7,10.8,.615,0.0,0.2,.176,6.6,10.6,.623,.617,3.2,.643,6.5,2.0,0.9,1.3,1.6,3.1,16.6
89,Clint Capela,C,24,HOU,67,33.6,7.1,10.9,.648,0.0,0.0,0,7.1,10.9,.648,.648,2.5,.636,12.7,1.4,0.7,1.5,1.4,2.5,16.6
33,Harrison Barnes,PF-SF,26,TOT,77,32.9,5.6,13.3,.420,2.3,5.7,.395,3.3,7.6,.439,.504,3.0,.824,4.7,1.5,0.6,0.2,1.3,1.6,16.4
115,DeMarcus Cousins,C,28,GSW,30,25.7,5.9,12.4,.480,0.9,3.2,.274,5.1,9.2,.551,.515,3.5,.736,8.2,3.6,1.3,1.5,2.4,3.6,16.3
25,Deandre Ayton,C,20,PHO,71,30.7,7.2,12.3,.585,0.0,0.1,.000,7.2,12.2,.588,.585,2.0,.746,10.3,1.8,0.9,0.9,1.8,2.9,16.3
191,Eric Gordon,SG,30,HOU,68,31.7,5.6,13.8,.409,3.2,8.8,.360,2.5,5.0,.497,.525,1.8,.783,2.2,1.9,0.6,0.4,1.3,2.1,16.2
63,Avery Bradley,SG,28,MEM,14,31.6,6.2,13.4,.463,2.0,5.2,.384,4.2,8.2,.513,.537,1.6,.920,3.1,4.0,1.0,0.0,2.0,2.4,16.1
190,Aaron Gordon,PF,23,ORL,78,33.8,6.0,13.4,.449,1.6,4.4,.349,4.5,9.0,.499,.507,2.4,.731,7.4,3.7,0.7,0.7,2.1,2.2,16.0
188,Rudy Gobert,C,26,UTA,81,31.8,5.9,8.8,.669,0.0,0.0,0,5.9,8.8,.669,.669,4.1,.636,12.9,2.0,0.8,2.3,1.6,2.9,15.9
54,Eric Bledsoe,PG,29,MIL,78,29.1,6.0,12.4,.484,1.6,4.8,.329,4.4,7.6,.582,.548,2.3,.750,4.6,5.5,1.5,0.4,2.1,2.0,15.9
181,Marc Gasol,C,34,MEM,53,33.7,5.7,12.9,.444,1.4,4.2,.344,4.3,8.7,.491,.499,2.9,.756,8.6,4.7,1.1,1.2,2.2,2.8,15.7
467,Jayson Tatum,SF,20,BOS,79,31.1,5.9,13.1,.450,1.5,3.9,.373,4.4,9.2,.483,.506,2.5,.855,6.0,2.1,1.1,0.7,1.5,2.1,15.7
399,Chris Paul,PG,33,HOU,58,32.0,5.2,12.4,.419,2.2,6.1,.358,3.0,6.3,.479,.508,3.0,.862,4.6,8.2,2.0,0.3,2.6,2.5,15.6
489,Jonas Valančiūnas,C,26,TOT,49,22.3,6.1,11.0,.559,0.3,1.0,.292,5.9,10.0,.586,.572,3.0,.795,8.6,1.4,0.4,1.1,1.8,3.0,15.6
381,Jusuf Nurkić,C,24,POR,72,27.4,5.8,11.5,.508,0.0,0.4,.103,5.8,11.1,.523,.510,3.9,.773,10.4,3.2,1.0,1.4,2.3,3.5,15.6
70,Malcolm Brogdon,SG,26,MIL,64,28.6,5.9,11.7,.505,1.6,3.8,.426,4.3,7.9,.544,.575,2.2,.928,4.5,3.2,0.7,0.2,1.4,1.6,15.6
206,Tim Hardaway Jr.,SG,26,DAL,19,29.4,5.7,14.1,.404,2.4,7.4,.321,3.3,6.7,.496,.489,1.7,.767,3.2,1.9,0.6,0.1,1.3,1.8,15.5
440,Dennis Schröder,PG,25,OKC,79,29.3,5.8,14.0,.414,1.6,4.6,.341,4.2,9.4,.450,.470,2.4,.819,3.6,4.1,0.8,0.2,2.2,2.4,15.5
258,Reggie Jackson,PG,28,DET,82,27.9,5.4,12.8,.421,2.1,5.7,.369,3.3,7.0,.464,.504,2.5,.864,2.6,4.2,0.7,0.1,1.8,2.5,15.4
293,Jeremy Lamb,SG,26,CHO,79,28.5,5.5,12.4,.440,1.5,4.2,.348,4.0,8.2,.487,.499,2.9,.888,5.5,2.2,1.1,0.4,1.0,1.8,15.3
392,Kelly Oubre Jr.,SF,23,TOT,69,28.0,5.4,12.2,.445,1.6,4.9,.320,3.9,7.3,.530,.510,2.7,.775,4.7,1.2,1.2,0.9,1.5,2.6,15.2
353,Nikola Mirotić,PF,27,TOT,46,27.1,5.2,11.8,.439,2.5,6.9,.365,2.7,4.9,.545,.546,2.3,.847,7.4,1.2,0.7,0.7,1.0,2.3,15.2
431,Terrence Ross,SG,27,ORL,81,26.5,5.4,12.7,.428,2.7,7.0,.383,2.8,5.7,.484,.534,1.6,.875,3.5,1.7,0.9,0.4,1.1,1.5,15.1
170,Evan Fournier,SG,26,ORL,81,31.5,5.8,13.2,.438,1.9,5.6,.340,3.9,7.6,.509,.509,1.7,.806,3.2,3.6,0.9,0.1,1.9,2.8,15.1
494,Dwyane Wade,SG,37,MIA,72,26.2,5.8,13.3,.433,1.2,3.6,.330,4.6,9.7,.472,.478,2.3,.708,4.0,4.2,0.8,0.5,2.3,1.6,15.0
244,Serge Ibaka,C,29,TOR,74,27.2,6.3,11.9,.529,0.7,2.3,.290,5.6,9.6,.586,.557,1.8,.763,8.1,1.3,0.4,1.4,1.5,2.9,15.0
394,Jabari Parker,PF,23,WAS,25,27.3,6.0,11.4,.523,1.0,3.2,.296,5.0,8.2,.613,.565,2.1,.684,7.2,2.7,0.9,0.6,2.7,2.3,15.0
27,Marvin Bagley III,PF,19,SAC,62,25.3,5.7,11.4,.504,0.5,1.5,.313,5.3,9.8,.534,.525,2.9,.691,7.6,1.0,0.5,1.0,1.6,1.9,14.9
366,Emmanuel Mudiay,PG,22,NYK,59,27.2,5.6,12.5,.446,1.2,3.6,.329,4.4,9.0,.492,.493,2.4,.774,3.3,3.9,0.7,0.3,2.4,1.7,14.8
454,Dennis Smith Jr.,PG,21,NYK,21,28.6,5.8,14.0,.413,1.1,4.0,.289,4.6,10.0,.462,.454,2.0,.568,2.8,5.4,1.3,0.4,2.6,2.2,14.7
116,Robert Covington,SF,28,MIN,22,34.7,4.8,11.1,.433,2.5,6.7,.372,2.3,4.4,.526,.545,2.3,.773,5.7,1.5,2.3,1.1,1.1,3.7,14.5
394,Jabari Parker,PF,23,TOT,64,26.9,5.8,11.7,.493,1.0,3.0,.313,4.8,8.7,.556,.533,2.0,.712,6.6,2.4,0.7,0.5,2.4,2.3,14.5
394,Jabari Parker,PF,23,CHI,39,26.7,5.6,11.9,.474,0.9,2.9,.325,4.7,9.0,.523,.514,2.0,.731,6.2,2.2,0.6,0.4,2.2,2.2,14.3
409,Bobby Portis,PF,23,WAS,28,27.4,5.6,12.8,.440,1.7,4.3,.403,3.9,8.5,.458,.507,1.4,.809,8.6,1.5,0.9,0.4,1.6,3.0,14.3
299,Walt Lemon Jr.,PG,26,CHI,6,27.8,6.3,14.5,.437,0.3,0.8,.400,6.0,13.7,.439,.448,1.3,.727,4.5,5.0,1.8,0.2,1.7,2.3,14.3
33,Harrison Barnes,SF,26,SAC,28,33.9,5.0,11.1,.455,1.9,4.6,.408,3.1,6.4,.489,.540,2.3,.800,5.5,1.9,0.6,0.1,1.1,1.5,14.3
409,Bobby Portis,PF,23,TOT,50,26.0,5.6,12.6,.444,1.5,3.8,.393,4.1,8.7,.467,.504,1.5,.794,8.1,1.4,0.7,0.4,1.5,2.9,14.2
313,Kyle Lowry,PG,32,TOR,65,34.0,4.7,11.4,.411,2.4,7.0,.347,2.3,4.4,.514,.518,2.5,.830,4.8,8.7,1.4,0.5,2.8,2.6,14.2
56,Bogdan Bogdanović,SG,26,SAC,70,27.8,5.2,12.3,.418,1.9,5.3,.360,3.2,7.0,.462,.496,1.9,.827,3.5,3.8,1.0,0.2,1.7,2.0,14.1
409,Bobby Portis,PF,23,CHI,22,24.1,5.5,12.3,.450,1.2,3.3,.375,4.3,9.0,.477,.500,1.8,.780,7.3,1.3,0.5,0.4,1.3,2.8,14.1
435,Domantas Sabonis,C,22,IND,74,24.8,5.6,9.5,.590,0.1,0.2,.529,5.5,9.2,.592,.596,2.8,.715,9.3,2.9,0.6,0.4,2.2,3.2,14.1
23,Trevor Ariza,SF,33,WAS,43,34.1,4.8,11.8,.409,2.2,6.9,.322,2.6,5.0,.528,.502,2.2,.777,5.3,3.8,1.2,0.3,1.6,2.0,14.1
175,Enes Freedom,C,26,NYK,44,25.6,5.7,10.6,.536,0.2,0.5,.318,5.5,10.1,.547,.544,2.4,.814,10.5,1.9,0.4,0.4,1.8,2.4,14.0
4,Steven Adams,C,25,OKC,80,33.4,6.0,10.1,.595,0.0,0.0,.000,6.0,10.1,.596,.595,1.8,.500,9.5,1.6,1.5,1.0,1.7,2.6,13.9
361,Marcus Morris,PF,29,BOS,75,27.9,5.0,11.3,.447,1.9,5.2,.375,3.1,6.1,.508,.533,1.9,.844,6.1,1.5,0.6,0.3,1.2,2.4,13.9
408,Otto Porter Jr.,SF,25,TOT,56,30.1,5.3,11.5,.465,1.9,4.6,.406,3.5,6.9,.504,.546,1.4,.813,5.6,2.1,1.5,0.6,1.2,1.9,13.9
255,Jaren Jackson Jr.,PF,19,MEM,58,26.1,5.1,10.2,.506,0.9,2.4,.359,4.3,7.7,.553,.549,2.6,.766,4.7,1.1,0.9,1.4,1.7,3.8,13.8
183,Rudy Gay,PF,32,SAS,69,26.7,5.4,10.8,.504,1.1,2.7,.402,4.4,8.1,.537,.554,1.7,.816,6.8,2.6,0.8,0.5,1.7,2.3,13.7
146,Goran Dragić,PG,32,MIA,36,27.5,5.0,12.0,.413,1.6,4.6,.348,3.4,7.5,.454,.479,2.2,.782,3.1,4.8,0.8,0.1,2.0,2.3,13.7
304,Caris LeVert,SF,24,BRK,40,26.6,5.2,12.1,.429,1.2,3.9,.312,4.0,8.2,.483,.478,2.1,.691,3.8,3.9,1.1,0.4,1.7,1.9,13.7
175,Enes Freedom,C,26,TOT,67,24.5,5.6,10.2,.549,0.1,0.5,.294,5.4,9.7,.562,.556,2.3,.787,9.8,1.7,0.5,0.4,1.8,2.5,13.7
212,Joe Harris,SG,27,BRK,76,30.2,4.9,9.8,.500,2.4,5.1,.474,2.5,4.8,.528,.622,1.4,.827,3.8,2.4,0.5,0.2,1.6,2.4,13.7
357,Greg Monroe,C,28,PHI,3,17.3,5.0,7.7,.652,0.3,0.3,1.000,4.7,7.3,.636,.674,3.3,.909,4.3,2.3,0.3,0.0,0.3,1.7,13.7
181,Marc Gasol,C,34,TOT,79,30.8,4.9,11.0,.448,1.3,3.5,.363,3.7,7.6,.487,.505,2.4,.759,7.9,4.4,1.1,1.1,2.0,2.7,13.6
195,Jerami Grant,PF,24,OKC,80,32.7,5.1,10.3,.497,1.4,3.7,.392,3.7,6.6,.555,.567,2.0,.710,5.2,1.0,0.8,1.3,0.8,2.7,13.6
237,Al Horford,C,32,BOS,68,29.0,5.7,10.6,.535,1.1,3.0,.360,4.6,7.6,.604,.586,1.1,.821,6.7,4.2,0.9,1.3,1.5,1.9,13.6
454,Dennis Smith Jr.,PG,21,TOT,53,28.5,5.2,12.3,.428,1.3,3.9,.322,4.0,8.3,.477,.479,1.9,.635,2.9,4.8,1.3,0.4,2.9,2.4,13.6
413,Taurean Prince,SF,24,ATL,55,28.2,4.8,10.8,.441,2.2,5.7,.390,2.5,5.1,.498,.545,1.7,.819,3.6,2.1,1.0,0.3,1.8,2.6,13.5
20,Carmelo Anthony,PF,34,HOU,10,29.4,4.9,12.1,.405,2.1,6.4,.328,2.8,5.7,.491,.492,1.5,.682,5.4,0.5,0.4,0.7,0.8,3.2,13.4
116,Robert Covington,SF,28,TOT,35,34.4,4.5,10.3,.431,2.4,6.4,.378,2.0,3.9,.518,.548,1.9,.764,5.5,1.3,2.1,1.3,1.3,3.6,13.3
486,Myles Turner,C,22,IND,74,28.6,5.1,10.5,.487,1.0,2.6,.388,4.1,7.9,.521,.536,2.0,.736,7.2,1.6,0.8,2.7,1.4,2.6,13.3
175,Enes Freedom,C,26,POR,23,22.3,5.4,9.3,.577,0.1,0.5,.250,5.3,8.8,.596,.584,2.2,.735,8.6,1.4,0.6,0.4,1.7,2.7,13.1
330,Wesley Matthews,SF,32,DAL,44,29.8,4.4,10.7,.414,2.3,6.0,.380,2.1,4.7,.456,.520,2.0,.791,2.3,2.3,0.8,0.3,1.3,2.3,13.1
391,Cedi Osman,SF,23,CLE,76,32.2,4.7,11.1,.427,1.7,4.9,.348,3.0,6.2,.489,.504,1.9,.779,4.7,2.6,0.8,0.1,1.5,2.6,13.0
74,Jaylen Brown,SG,22,BOS,74,25.9,5.0,10.7,.465,1.3,3.7,.344,3.7,7.0,.529,.525,1.8,.658,4.2,1.4,0.9,0.4,1.3,2.5,13.0
162,Kenneth Faried,C,29,HOU,25,24.4,5.2,8.9,.587,0.3,0.8,.350,5.0,8.1,.611,.603,2.2,.651,8.2,0.7,0.6,0.8,1.1,3.0,12.9
392,Kelly Oubre Jr.,SF,23,WAS,29,26.0,4.6,10.5,.433,1.4,4.6,.311,3.1,6.0,.526,.500,2.3,.800,4.4,0.7,0.9,0.7,1.0,2.4,12.9
211,Gary Harris,SG,24,DEN,57,28.8,4.7,11.2,.424,1.4,4.2,.339,3.3,6.9,.476,.488,2.0,.799,2.8,2.2,1.0,0.3,1.2,2.0,12.9
454,Dennis Smith Jr.,PG,21,DAL,32,28.4,4.9,11.2,.440,1.3,3.9,.344,3.6,7.3,.491,.500,1.8,.695,3.0,4.3,1.3,0.3,3.1,2.6,12.9
489,Jonas Valančiūnas,C,26,TOR,30,18.8,5.0,8.6,.575,0.3,1.0,.300,4.7,7.6,.611,.593,2.6,.819,7.2,1.0,0.4,0.8,1.3,2.7,12.8
239,Dwight Howard,C,33,WAS,9,25.6,4.8,7.7,.623,0.0,0.0,0,4.8,7.7,.623,.623,3.2,.604,9.2,0.4,0.8,0.4,1.8,3.8,12.8
285,Kevin Knox,PF,19,NYK,75,28.8,4.5,12.2,.370,1.7,4.9,.343,2.8,7.3,.387,.438,2.2,.717,4.5,1.1,0.6,0.3,1.5,2.3,12.8
433,Ricky Rubio,PG,28,UTA,68,27.9,4.3,10.7,.404,1.2,3.7,.311,3.2,7.0,.454,.458,2.9,.855,3.6,6.1,1.3,0.1,2.6,2.6,12.7
408,Otto Porter Jr.,SF,25,WAS,41,29.0,4.9,10.8,.457,1.6,4.3,.369,3.3,6.5,.515,.531,1.2,.766,5.6,2.0,1.6,0.5,1.0,1.9,12.6
351,Paul Millsap,PF,33,DEN,70,27.1,4.6,9.5,.484,0.8,2.3,.365,3.8,7.2,.522,.528,2.6,.727,7.2,2.0,1.2,0.8,1.4,2.6,12.6
525,Thaddeus Young,PF,30,IND,81,30.7,5.5,10.4,.527,0.6,1.8,.349,4.8,8.6,.564,.557,1.1,.644,6.5,2.5,1.5,0.4,1.5,2.4,12.6
520,Justise Winslow,SF,22,MIA,66,29.7,4.9,11.3,.433,1.5,3.9,.375,3.5,7.5,.462,.497,1.3,.628,5.4,4.3,1.1,0.3,2.2,2.7,12.6
310,Brook Lopez,C,30,MIL,81,28.7,4.4,9.7,.452,2.3,6.3,.365,2.1,3.4,.613,.571,1.4,.842,4.9,1.2,0.6,2.2,1.0,2.3,12.5
23,Trevor Ariza,SF,33,TOT,69,34.0,4.3,10.7,.399,2.1,6.3,.334,2.2,4.4,.493,.498,1.9,.793,5.4,3.7,1.3,0.3,1.5,1.9,12.5
509,Hassan Whiteside,C,29,MIA,72,23.3,5.4,9.4,.571,0.0,0.2,.125,5.4,9.2,.581,.572,1.5,.449,11.3,0.8,0.6,1.9,1.3,2.7,12.3
202,Jeff Green,PF,32,WAS,77,27.2,4.2,8.9,.475,1.4,4.2,.347,2.8,4.8,.586,.555,2.4,.888,4.0,1.8,0.6,0.5,1.3,2.1,12.3
236,Rodney Hood,SG,26,CLE,45,27.4,4.3,10.1,.427,1.2,3.4,.362,3.1,6.7,.460,.488,2.3,.912,2.5,2.0,0.8,0.1,0.8,2.2,12.2
522,Delon Wright,PG,26,MEM,26,30.8,4.4,10.2,.434,0.8,3.0,.256,3.7,7.2,.508,.472,2.5,.742,5.4,5.3,1.6,0.6,1.5,1.9,12.2
330,Wesley Matthews,SF-SG,32,TOT,69,30.3,4.0,10.1,.400,2.2,5.8,.372,1.9,4.3,.437,.507,1.9,.810,2.5,2.3,0.8,0.2,1.3,2.3,12.2
80,Reggie Bullock,SG,27,DET,44,30.8,4.1,10.0,.413,2.6,6.7,.388,1.5,3.3,.463,.542,1.3,.875,2.8,2.5,0.5,0.1,1.2,1.8,12.1
247,Joe Ingles,PF,31,UTA,82,31.3,4.4,9.8,.448,2.3,5.9,.391,2.1,3.9,.533,.565,1.1,.707,4.0,5.7,1.2,0.2,2.4,2.2,12.1
468,Jeff Teague,PG,30,MIN,42,30.1,4.2,9.9,.423,0.8,2.5,.333,3.4,7.4,.453,.465,2.9,.804,2.5,8.2,1.0,0.4,2.3,2.1,12.1
154,Wayne Ellington,SG,31,DET,28,27.3,4.1,9.8,.421,2.9,7.8,.373,1.2,2.0,.607,.570,0.9,.758,2.1,1.5,1.1,0.1,0.9,1.9,12.0
496,Dion Waiters,SG,27,MIA,44,25.9,4.5,10.9,.414,2.5,6.6,.377,2.0,4.3,.471,.528,0.5,.500,2.6,2.8,0.7,0.2,1.5,1.6,12.0
337,JaVale McGee,C,31,LAL,75,22.3,5.3,8.5,.624,0.0,0.2,.083,5.3,8.4,.634,.625,1.3,.632,7.5,0.7,0.6,2.0,1.4,2.8,12.0
358,E'Twaun Moore,SG,29,NOP,53,27.6,4.8,10.0,.481,1.4,3.3,.432,3.4,6.7,.506,.553,0.8,.763,2.4,1.9,0.8,0.2,1.1,2.1,11.9
97,Willie Cauley-Stein,C,25,SAC,81,27.3,5.1,9.1,.556,0.0,0.0,.500,5.1,9.1,.556,.557,1.7,.551,8.4,2.4,1.2,0.6,1.0,2.8,11.9
121,Jae Crowder,SF,28,UTA,80,27.1,4.0,10.0,.399,2.2,6.5,.331,1.8,3.4,.527,.508,1.8,.721,4.8,1.7,0.8,0.4,1.1,2.1,11.9
163,Derrick Favors,C,27,UTA,76,23.2,4.8,8.1,.586,0.2,1.0,.218,4.6,7.1,.640,.600,2.0,.675,7.4,1.2,0.7,1.4,1.1,2.1,11.8
169,Bryn Forbes,SG,25,SAS,82,28.0,4.4,9.6,.456,2.1,5.0,.426,2.3,4.6,.489,.568,0.8,.885,2.9,2.1,0.5,0.0,1.0,1.9,11.8
81,Trey Burke,PG,26,NYK,33,20.9,4.5,10.8,.413,0.9,2.6,.349,3.6,8.2,.434,.455,1.9,.827,1.9,2.8,0.6,0.2,0.9,1.0,11.8
24,D.J. Augustin,PG,31,ORL,81,28.0,3.9,8.4,.470,1.6,3.8,.421,2.3,4.5,.511,.566,2.2,.866,2.5,5.3,0.6,0.0,1.6,1.4,11.7
39,Kent Bazemore,SG,29,ATL,67,24.5,4.1,10.3,.402,1.4,4.5,.320,2.7,5.8,.465,.472,1.9,.726,3.9,2.3,1.3,0.6,1.8,2.5,11.6
232,Justin Holiday,SG,29,CHI,38,34.9,4.0,10.4,.383,2.6,7.1,.359,1.4,3.3,.435,.506,1.1,.891,4.4,2.2,1.8,0.6,1.2,2.1,11.6
82,Alec Burks,SG,27,CLE,34,28.8,4.0,10.0,.400,1.3,3.5,.378,2.7,6.5,.412,.466,2.3,.806,5.5,2.9,0.7,0.5,1.4,1.8,11.6
353,Nikola Mirotić,PF,27,MIL,14,22.9,4.0,9.6,.415,2.2,6.2,.356,1.8,3.4,.521,.530,1.4,.870,5.4,1.4,0.7,0.6,0.8,1.5,11.6
256,Josh Jackson,SG,21,PHO,79,25.2,4.4,10.6,.413,0.9,2.8,.324,3.5,7.8,.445,.456,1.8,.671,4.4,2.3,0.9,0.7,2.2,2.6,11.5
219,Gordon Hayward,PF,28,BOS,72,25.9,4.1,8.8,.466,1.1,3.2,.333,3.0,5.6,.542,.527,2.2,.834,4.5,3.4,0.9,0.3,1.5,1.4,11.5
362,Markieff Morris,PF,29,WAS,34,26.0,4.2,9.6,.436,1.4,4.2,.333,2.8,5.4,.516,.509,1.7,.781,5.1,1.8,0.7,0.6,1.4,3.4,11.5
528,Tyler Zeller,C,29,MEM,4,20.5,4.0,7.0,.571,0.0,0.0,0,4.0,7.0,.571,.571,3.5,.778,4.5,0.8,0.3,0.8,1.0,4.0,11.5
34,Will Barton,SF,28,DEN,43,27.7,4.3,10.7,.402,1.6,4.6,.342,2.7,6.1,.447,.475,1.3,.770,4.6,2.9,0.4,0.5,1.5,1.9,11.5
87,Kentavious Caldwell-Pope,SG,25,LAL,82,24.8,4.0,9.2,.430,1.8,5.3,.347,2.1,3.9,.542,.530,1.7,.867,2.9,1.3,0.9,0.2,0.8,1.7,11.4
149,Kris Dunn,PG,24,CHI,46,30.2,4.7,11.0,.425,0.7,2.1,.354,3.9,8.9,.441,.458,1.2,.797,4.1,6.0,1.5,0.5,2.3,3.6,11.3
41,Malik Beasley,SG,22,DEN,81,23.2,4.3,9.1,.474,2.0,5.0,.402,2.3,4.1,.560,.584,0.7,.848,2.5,1.2,0.7,0.1,0.7,1.4,11.3
116,Robert Covington,SF,28,PHI,13,33.8,3.8,9.0,.427,2.3,5.9,.390,1.5,3.1,.500,.556,1.3,.739,5.2,1.1,1.8,1.8,1.7,3.5,11.3
80,Reggie Bullock,SG,27,TOT,63,29.8,3.9,9.4,.412,2.3,6.2,.377,1.5,3.2,.483,.537,1.2,.859,2.7,2.0,0.6,0.2,1.0,1.7,11.3
236,Rodney Hood,SG,26,TOT,72,26.3,4.1,9.3,.435,1.2,3.3,.356,2.9,6.0,.478,.498,1.9,.884,2.2,1.8,0.8,0.2,0.8,2.0,11.2
110,Darren Collison,PG,31,IND,76,28.2,4.1,8.7,.467,1.0,2.6,.407,3.0,6.1,.492,.527,2.1,.832,3.1,6.0,1.4,0.1,1.6,1.8,11.2
90,DeMarre Carroll,PF,32,BRK,67,25.4,3.4,8.6,.395,1.6,4.6,.342,1.8,4.0,.457,.487,2.7,.760,5.2,1.3,0.5,0.1,1.1,1.7,11.1
268,Tyler Johnson,PG,26,PHO,13,31.2,3.5,9.6,.368,1.4,4.3,.321,2.2,5.3,.406,.440,2.6,.872,4.0,4.2,1.1,0.5,1.1,1.9,11.1
300,Alex Len,C,25,ATL,77,20.1,4.2,8.4,.494,1.0,2.6,.363,3.2,5.8,.554,.551,1.8,.648,5.5,1.1,0.4,0.9,1.3,2.6,11.1
438,Dario Šarić,PF,24,PHI,13,30.5,3.7,10.2,.364,1.6,5.4,.300,2.1,4.8,.435,.443,2.1,.900,6.6,2.0,0.3,0.2,1.9,3.0,11.1
491,Fred VanVleet,PG,24,TOR,64,27.5,3.8,9.4,.410,1.8,4.6,.378,2.1,4.8,.441,.503,1.5,.843,2.6,4.8,0.9,0.3,1.3,1.7,11.0
277,DeAndre Jordan,C,30,DAL,50,31.1,4.2,6.5,.644,0.0,0.0,0,4.2,6.5,.644,.644,2.7,.682,13.7,2.0,0.7,1.1,2.2,2.5,11.0
277,DeAndre Jordan,C,30,TOT,69,29.7,4.1,6.5,.641,0.0,0.0,0,4.1,6.5,.641,.641,2.7,.705,13.1,2.3,0.6,1.1,2.2,2.4,11.0
330,Wesley Matthews,SG,32,IND,23,31.5,3.5,9.1,.386,2.1,5.7,.369,1.4,3.5,.413,.500,1.8,.854,2.8,2.4,0.9,0.2,1.3,2.4,10.9
277,DeAndre Jordan,C,30,NYK,19,25.9,4.1,6.5,.634,0.0,0.0,0,4.1,6.5,.634,.634,2.7,.773,11.4,3.0,0.5,1.1,2.2,2.2,10.9
268,Tyler Johnson,PG,26,TOT,57,26.8,3.8,9.2,.413,1.6,4.6,.346,2.2,4.7,.477,.498,1.7,.748,3.0,2.9,0.9,0.5,1.4,1.7,10.9
445,Landry Shamet,SG,21,LAC,25,27.8,3.5,8.4,.414,2.7,6.0,.450,0.8,2.4,.322,.576,1.2,.795,2.2,2.3,0.5,0.1,0.8,2.0,10.9
11,Jarrett Allen,C,20,BRK,80,26.2,4.2,7.1,.590,0.1,0.6,.133,4.1,6.5,.629,.595,2.5,.709,8.4,1.4,0.5,1.5,1.3,2.3,10.9
32,J.J. Barea,PG,34,DAL,38,19.8,4.2,10.1,.418,1.0,3.4,.297,3.2,6.8,.479,.468,1.4,.705,2.5,5.6,0.6,0.0,1.9,1.3,10.9
81,Trey Burke,PG,26,TOT,58,19.4,4.1,9.4,.431,1.0,2.7,.352,3.1,6.7,.463,.482,1.8,.831,1.7,2.7,0.6,0.1,0.8,1.0,10.9
478,Tristan Thompson,C,27,CLE,43,27.9,4.7,8.8,.529,0.0,0.0,0,4.7,8.8,.529,.529,1.6,.642,10.2,2.0,0.7,0.4,1.4,2.1,10.9
483,Allonzo Trier,SG,23,NYK,64,22.8,3.6,8.1,.448,0.8,2.1,.394,2.8,6.0,.466,.498,2.8,.803,3.1,1.9,0.4,0.2,1.8,1.8,10.9
130,Dewayne Dedmon,C,29,ATL,64,25.1,4.0,8.2,.492,1.3,3.4,.382,2.8,4.8,.570,.571,1.4,.814,7.5,1.4,1.1,1.1,1.3,3.3,10.8
185,Taj Gibson,PF,33,MIN,70,24.1,4.3,7.7,.566,0.2,0.5,.324,4.2,7.2,.583,.576,1.9,.757,6.5,1.2,0.8,0.6,1.0,2.7,10.8
268,Tyler Johnson,PG,26,MIA,44,25.5,3.9,9.1,.426,1.6,4.6,.353,2.3,4.5,.503,.516,1.4,.693,2.8,2.5,0.9,0.5,1.4,1.6,10.8
187,Shai Gilgeous-Alexander,PG,20,LAC,82,26.5,4.2,8.7,.476,0.6,1.7,.367,3.5,7.0,.503,.512,1.9,.800,2.8,3.3,1.2,0.5,1.7,2.1,10.8
228,George Hill,PG,32,CLE,13,26.5,4.2,8.2,.514,1.0,2.2,.464,3.2,6.1,.532,.575,1.3,.850,2.1,2.8,0.9,0.1,1.5,2.7,10.8
306,Jeremy Lin,PG,30,ATL,51,19.7,3.5,7.6,.466,0.9,2.6,.333,2.7,5.0,.535,.523,2.8,.845,2.3,3.5,0.7,0.1,1.9,1.9,10.7
144,Damyean Dotson,SG,24,NYK,73,27.5,4.0,9.6,.415,1.7,4.7,.368,2.2,4.9,.461,.506,1.0,.745,3.6,1.8,0.8,0.1,1.0,1.8,10.7
401,Elfrid Payton,PG,24,NOP,42,29.8,4.3,9.8,.434,0.8,2.5,.314,3.5,7.3,.476,.475,1.3,.743,5.2,7.6,1.0,0.4,2.7,1.9,10.6
410,Dwight Powell,C,27,DAL,77,21.6,3.8,6.3,.597,0.5,1.6,.307,3.3,4.7,.699,.637,2.5,.772,5.3,1.5,0.6,0.6,0.9,2.6,10.6
438,Dario Šarić,PF,24,TOT,81,25.0,3.8,8.6,.437,1.5,4.0,.365,2.3,4.6,.499,.522,1.6,.880,5.6,1.6,0.6,0.1,1.2,2.2,10.6
43,Marco Belinelli,SG,32,SAS,79,23.0,3.6,8.7,.413,1.9,5.0,.372,1.7,3.7,.468,.520,1.4,.903,2.5,1.7,0.4,0.1,0.9,1.5,10.5
232,Justin Holiday,SG,29,TOT,82,31.8,3.7,9.5,.386,2.0,5.7,.348,1.7,3.8,.442,.490,1.2,.896,3.9,1.8,1.5,0.4,1.3,2.0,10.5
438,Dario Šarić,PF,24,MIN,68,23.9,3.8,8.3,.454,1.4,3.7,.383,2.3,4.6,.511,.540,1.5,.875,5.5,1.5,0.6,0.1,1.1,2.1,10.5
79,Thomas Bryant,C,21,WAS,72,20.8,4.3,7.0,.616,0.5,1.4,.333,3.8,5.6,.685,.648,1.5,.781,6.3,1.3,0.3,0.9,0.8,1.8,10.5
162,Kenneth Faried,C,29,TOT,37,19.7,4.2,7.2,.589,0.2,0.7,.320,4.0,6.5,.617,.604,1.7,.646,6.8,0.5,0.5,0.6,0.9,2.2,10.4
363,Monte Morris,PG,23,DEN,82,24.0,4.2,8.6,.493,1.1,2.8,.414,3.1,5.8,.531,.560,0.8,.802,2.4,3.6,0.9,0.0,0.6,1.2,10.4
154,Wayne Ellington,SG,31,TOT,53,24.5,3.5,8.6,.403,2.6,7.0,.371,0.9,1.6,.541,.554,0.7,.796,2.0,1.4,1.0,0.1,0.8,1.7,10.3
198,Danny Green,SG,31,TOR,80,27.7,3.7,7.9,.465,2.5,5.4,.455,1.2,2.4,.487,.622,0.5,.841,4.0,1.6,0.9,0.7,0.9,2.1,10.3
93,Wendell Carter Jr.,C,19,CHI,44,25.2,4.1,8.4,.485,0.1,0.7,.188,4.0,7.7,.513,.493,2.0,.795,7.0,1.8,0.6,1.3,1.5,3.5,10.3
160,Tyreke Evans,SG,29,IND,69,20.3,3.7,9.6,.389,1.1,3.1,.356,2.6,6.4,.405,.448,1.7,.719,2.9,2.4,0.8,0.3,1.7,1.7,10.2
516,Marvin Williams,PF,32,CHO,75,28.4,3.7,8.7,.422,1.9,5.1,.366,1.8,3.6,.500,.529,0.9,.767,5.4,1.2,0.9,0.8,0.6,2.1,10.1
527,Cody Zeller,C,26,CHO,49,25.4,3.9,7.0,.551,0.1,0.4,.273,3.8,6.6,.570,.559,2.3,.787,6.8,2.1,0.8,0.8,1.3,3.3,10.1
390,Kelly Olynyk,PF,27,MIA,79,22.9,3.3,7.1,.463,1.4,4.0,.354,1.9,3.1,.604,.563,1.9,.822,4.7,1.8,0.7,0.5,1.4,2.3,10.0
217,Isaiah Hartenstein,PF,20,HOU,28,7.9,0.7,1.5,.488,0.1,0.2,.333,0.6,1.3,.514,.512,0.4,.786,1.7,0.5,0.3,0.4,0.5,2.0,1.9
29,Wade Baldwin,PG,22,POR,16,5.9,0.6,2.1,.303,0.1,0.6,.222,0.5,1.5,.333,.333,0.5,.727,0.9,0.8,0.1,0.1,0.9,0.7,1.9
466,Caleb Swanigan,PF,21,POR,18,8.1,0.8,2.4,.318,0.1,0.3,.200,0.7,2.2,.333,.330,0.3,.857,2.9,0.4,0.2,0.0,0.9,1.2,1.9
226,Haywood Highsmith,SF,22,PHI,5,8.0,0.8,2.0,.400,0.2,1.0,.200,0.6,1.0,.600,.450,0.0,.000,1.0,0.4,0.2,0.0,0.2,0.2,1.8
104,Marquese Chriss,PF,21,HOU,16,6.5,0.7,2.1,.324,0.1,0.9,.067,0.6,1.2,.526,.338,0.4,.857,1.8,0.4,0.1,0.3,0.8,1.1,1.8
157,Drew Eubanks,PF,21,SAS,23,4.9,0.7,1.1,.577,0.0,0.0,0,0.7,1.1,.577,.577,0.5,.846,1.5,0.3,0.1,0.2,0.3,0.5,1.8
359,Eric Moreland,PF,27,TOR,4,9.5,0.8,1.8,.429,0.3,0.3,1.000,0.5,1.5,.333,.500,0.0,0,4.3,1.0,0.3,0.3,1.3,2.0,1.8
407,Quincy Pondexter,SF,30,SAS,53,5.5,0.5,1.1,.500,0.1,0.3,.333,0.4,0.8,.575,.552,0.6,.810,0.9,0.5,0.2,0.0,0.2,0.5,1.8
345,Chimezie Metu,PF,21,SAS,29,5.0,0.7,2.0,.328,0.0,0.1,.000,0.7,1.9,.339,.328,0.4,.765,1.2,0.4,0.2,0.1,0.5,0.5,1.8
316,Timothé Luwawu-Cabarrot,SF,23,OKC,21,5.9,0.6,2.0,.302,0.2,1.0,.227,0.4,1.0,.381,.360,0.2,.667,0.9,0.2,0.2,0.0,0.2,0.7,1.7
333,Patrick McCaw,SG,23,CLE,3,17.7,0.7,3.0,.222,0.3,1.3,.250,0.3,1.7,.200,.278,0.0,0,1.0,0.7,0.7,0.0,1.0,0.3,1.7
6,Deng Adel,SF,21,CLE,19,10.2,0.6,1.9,.306,0.3,1.2,.261,0.3,0.7,.385,.389,0.2,1.000,1.0,0.3,0.1,0.2,0.3,0.7,1.7
398,Justin Patton,C,21,PHI,3,7.0,0.7,2.3,.286,0.0,0.7,.000,0.7,1.7,.400,.286,0.3,.500,2.0,1.0,0.7,0.0,0.0,1.7,1.7
151,Trevon Duval,PG,20,MIL,3,2.0,0.7,1.0,.667,0.3,0.3,1.000,0.3,0.7,.500,.833,0.0,0,0.3,0.7,0.0,0.0,0.0,0.0,1.7
133,Matthew Dellavedova,PG,28,MIL,12,8.1,0.5,1.6,.316,0.3,0.9,.364,0.2,0.7,.250,.421,0.3,1.000,0.8,2.4,0.2,0.0,0.9,0.8,1.7
82,Alec Burks,SG,27,SAC,13,9.8,0.7,1.5,.450,0.0,0.5,.000,0.7,1.1,.643,.450,0.3,.800,1.7,0.8,0.6,0.1,0.3,0.5,1.7
2,Quincy Acy,PF,28,PHO,10,12.3,0.4,1.8,.222,0.2,1.5,.133,0.2,0.3,.667,.278,0.7,.700,2.5,0.8,0.1,0.4,0.4,2.4,1.7
505,Thomas Welsh,C,22,DEN,11,3.3,0.6,1.2,.538,0.3,0.6,.429,0.4,0.5,.667,.654,0.1,.500,0.4,0.5,0.0,0.0,0.1,0.3,1.6
152,Vince Edwards,SF,22,HOU,2,8.0,0.5,2.0,.250,0.5,2.0,.250,0.0,0.0,0,.375,0.0,0,1.0,0.0,0.0,0.0,0.0,0.0,1.5
132,Ángel Delgado,C,24,LAC,2,7.5,0.5,2.5,.200,0.0,0.0,0,0.5,2.5,.200,.200,0.5,.500,2.0,0.0,0.5,0.0,0.0,1.0,1.5
214,Andrew Harrison,PG,24,NOP,6,6.3,0.5,2.0,.250,0.3,1.7,.200,0.2,0.3,.500,.333,0.2,.500,0.8,1.2,0.0,0.0,0.3,1.2,1.5
88,Isaiah Canaan,PG,27,MIL,4,7.8,0.5,1.5,.333,0.5,1.3,.400,0.0,0.3,.000,.500,0.0,0,1.0,0.8,0.0,0.3,0.5,0.5,1.5
261,John Jenkins,SG,27,WAS,4,3.5,0.5,0.5,1.000,0.5,0.5,1.000,0.0,0.0,0,1.500,0.0,0,0.3,0.3,0.0,0.0,0.0,0.0,1.5
172,Melvin Frazier,SG,22,ORL,10,4.4,0.7,2.1,.333,0.0,0.6,.000,0.7,1.5,.467,.333,0.1,.250,0.5,0.1,0.1,0.0,0.1,0.6,1.5
422,Malachi Richardson,SG,23,TOR,22,4.7,0.4,1.3,.310,0.4,1.1,.320,0.0,0.2,.250,.448,0.2,.800,0.6,0.0,0.0,0.0,0.4,0.6,1.4
359,Eric Moreland,PF,27,TOT,5,8.6,0.6,1.4,.429,0.2,0.2,1.000,0.4,1.2,.333,.500,0.0,0,4.0,0.8,0.2,0.2,1.0,1.8,1.4
490,Jarred Vanderbilt,PF,19,DEN,17,4.1,0.5,1.1,.474,0.0,0.1,.000,0.5,1.1,.500,.474,0.4,.600,1.4,0.2,0.4,0.1,0.5,0.5,1.4
189,Brandon Goodwin,PG,23,DEN,16,3.6,0.4,1.4,.261,0.1,0.4,.333,0.3,1.1,.235,.304,0.6,.818,0.2,0.9,0.0,0.0,0.2,0.4,1.4
182,Pau Gasol,C,38,MIL,3,10.0,0.3,2.0,.167,0.3,1.0,.333,0.0,1.0,.000,.250,0.3,.500,3.3,0.7,0.0,0.3,0.7,0.3,1.3
28,Ron Baker,SG,25,NYK,11,9.7,0.4,1.5,.250,0.1,0.8,.111,0.3,0.6,.429,.281,0.5,.833,0.6,1.2,0.5,0.0,0.3,1.5,1.3
158,Jacob Evans,SG,21,GSW,30,6.8,0.6,1.8,.340,0.1,0.5,.267,0.5,1.3,.368,.377,0.0,.000,0.8,0.8,0.2,0.1,0.4,0.9,1.3
419,Davon Reed,SG,23,IND,10,4.7,0.5,1.2,.417,0.2,0.4,.500,0.3,0.8,.375,.500,0.0,0,0.6,0.3,0.1,0.0,0.1,0.3,1.2
355,Naz Mitrou-Long,SG,25,UTA,14,6.0,0.4,1.4,.300,0.1,0.8,.182,0.3,0.6,.444,.350,0.1,1.000,0.4,1.1,0.1,0.1,0.6,0.7,1.1
7,DeVaughn Akoon-Purcell,SG,25,DEN,7,3.1,0.4,1.4,.300,0.0,0.6,.000,0.4,0.9,.500,.300,0.1,.500,0.6,0.9,0.3,0.0,0.3,0.6,1.0
275,Terrence Jones,PF,27,HOU,2,2.5,0.5,2.0,.250,0.0,1.0,.000,0.5,1.0,.500,.250,0.0,.000,2.0,0.0,0.0,0.0,0.5,0.5,1.0
472,Emanuel Terry,PF,22,MIA,1,3.0,0.0,1.0,.000,0.0,0.0,0,0.0,1.0,.000,.000,1.0,.500,1.0,1.0,0.0,0.0,0.0,0.0,1.0
479,Sindarius Thornwell,SG,24,LAC,64,4.9,0.3,0.8,.347,0.0,0.2,.200,0.2,0.5,.412,.378,0.4,.735,0.7,0.3,0.2,0.1,0.3,0.6,1.0
329,Yante Maten,PF,22,MIA,2,6.5,0.5,2.0,.250,0.0,0.5,.000,0.5,1.5,.333,.250,0.0,0,1.5,0.0,0.5,0.0,0.0,0.0,1.0
19,Kostas Antetokounmpo,PF,21,DAL,2,5.5,0.0,1.5,.000,0.0,0.0,0,0.0,1.5,.000,.000,1.0,.500,0.5,0.0,1.0,0.0,0.5,0.0,1.0
263,Alize Johnson,PF,22,IND,14,4.6,0.3,1.1,.250,0.1,0.1,.500,0.2,1.0,.214,.281,0.3,.500,1.4,0.1,0.1,0.2,0.0,0.5,0.9
103,Chris Chiozza,PG,23,HOU,7,4.7,0.3,1.1,.250,0.3,0.7,.400,0.0,0.4,.000,.375,0.0,0,0.6,0.6,0.1,0.1,0.1,0.3,0.9
60,Isaac Bonga,PG,19,LAL,22,5.5,0.2,1.5,.152,0.0,0.4,.000,0.2,1.1,.200,.152,0.4,.600,1.1,0.7,0.4,0.2,0.3,0.4,0.9
159,Jawun Evans,PG,22,PHO,7,9.1,0.4,1.9,.231,0.0,0.3,.000,0.4,1.6,.273,.231,0.0,0,1.7,1.4,0.4,0.0,0.9,1.1,0.9
28,Ron Baker,SG,25,TOT,15,10.1,0.3,1.3,.200,0.1,0.9,.077,0.2,0.5,.429,.225,0.3,.833,0.7,1.0,0.4,0.1,0.3,1.2,0.9
317,Tyler Lydon,PF,22,DEN,25,3.8,0.4,0.7,.500,0.2,0.4,.400,0.2,0.3,.625,.611,0.0,.333,0.7,0.2,0.1,0.0,0.2,0.4,0.9
159,Jawun Evans,PG,22,TOT,8,8.1,0.4,1.8,.214,0.0,0.4,.000,0.4,1.4,.273,.214,0.0,0,1.5,1.3,0.4,0.0,0.8,1.0,0.8
99,Tyler Cavanaugh,PF,24,UTA,11,3.5,0.3,0.9,.300,0.1,0.5,.200,0.2,0.5,.400,.350,0.2,1.000,0.7,0.1,0.0,0.0,0.1,0.3,0.8
16,Ryan Anderson,PF,30,MIA,10,4.4,0.2,0.9,.222,0.2,0.6,.333,0.0,0.3,.000,.333,0.1,.500,0.9,0.2,0.1,0.0,0.2,0.2,0.7
197,Donte Grantham,SF,23,OKC,3,0.7,0.0,0.7,.000,0.0,0.7,.000,0.0,0.0,0,.000,0.0,0,0.0,0.0,0.0,0.0,0.0,0.0,0.0
129,Tyler Davis,C,21,OKC,1,1.0,0.0,1.0,.000,0.0,0.0,0,0.0,1.0,.000,.000,0.0,0,1.0,0.0,0.0,0.0,0.0,0.0,0.0
460,Ray Spalding,PF,21,DAL,1,1.0,0.0,0.0,0,0.0,0.0,0,0.0,0.0,0,0,0.0,0,0.0,0.0,0.0,0.0,0.0,0.0,0.0
508,Okaro White,PF,26,WAS,3,2.0,0.0,0.7,.000,0.0,0.7,.000,0.0,0.0,0,.000,0.0,0,0.7,0.0,0.0,0.0,0.0,0.0,0.0
308,Zach Lofton,SG,26,DET,1,4.0,0.0,1.0,.000,0.0,1.0,.000,0.0,0.0,0,.000,0.0,0,0.0,0.0,1.0,0.0,1.0,0.0,0.0
528,Tyler Zeller,C,29,ATL,2,5.5,0.0,1.0,.000,0.0,0.5,.000,0.0,0.5,.000,.000,0.0,0,3.0,0.5,0.0,0.0,0.0,2.0,0.0
17,Ike Anigbogu,C,20,IND,3,2.0,0.0,1.0,.000,0.0,0.0,0,0.0,1.0,.000,.000,0.0,0,1.0,0.3,0.0,0.3,0.3,0.0,0.0
248,Andre Ingram,SG,33,LAL,4,3.8,0.0,1.5,.000,0.0,0.8,.000,0.0,0.8,.000,.000,0.0,0,0.5,0.0,0.3,0.0,0.3,0.0,0.0
159,Jawun Evans,PG,22,OKC,1,1.0,0.0,1.0,.000,0.0,1.0,.000,0.0,0.0,0,.000,0.0,0,0.0,0.0,0.0,0.0,0.0,0.0,0.0
488,Tyler Ulis,PG,23,CHI,1,1.0,0.0,0.0,0,0.0,0.0,0,0.0,0.0,0,0,0.0,0,0.0,0.0,0.0,0.0,0.0,0.0,0.0
28,Ron Baker,SG,25,WAS,4,11.3,0.0,1.0,.000,0.0,1.0,.000,0.0,0.0,0,.000,0.0,0,1.0,0.5,0.3,0.3,0.5,0.5,0.0
359,Eric Moreland,PF,27,PHO,1,5.0,0.0,0.0,0,0.0,0.0,0,0.0,0.0,0,0,0.0,0,3.0,0.0,0.0,0.0,0.0,1.0,0.0
233,John Holland,SF,30,CLE,1,1.0,0.0,0.0,0,0.0,0.0,0,0.0,0.0,0,0,0.0,0,0.0,0.0,0.0,0.0,0.0,0.0,0.0
282,George King,SF,25,PHO,1,6.0,0.0,0.0,0,0.0,0.0,0,0.0,0.0,0,0,0.0,0,1.0,0.0,0.0,0.0,0.0,0.0,0.0
451,Kobi Simmons,PG,21,CLE,1,2.0,0.0,0.0,0,0.0,0.0,0,0.0,0.0,0,0,0.0,0,0.0,0.0,0.0,0.0,0.0,0.0,0.0
